FILE,GPP
2015_09_01_00_00_bci_t.csv,0.0
2015_09_01_00_05_bci_t.csv,0.0
2015_09_01_00_10_bci_t.csv,0.0
2015_09_01_00_15_bci_t.csv,0.0
2015_09_01_00_20_bci_t.csv,0.0
2015_09_01_00_25_bci_t.csv,0.0
2015_09_01_00_30_bci_t.csv,0.0
2015_09_01_00_35_bci_t.csv,0.0
2015_09_01_00_40_bci_t.csv,0.0
2015_09_01_00_45_bci_t.csv,0.0
2015_09_01_00_50_bci_t.csv,0.0
2015_09_01_00_55_bci_t.csv,0.0
2015_09_01_01_00_bci_t.csv,0.0
2015_09_01_01_05_bci_t.csv,0.0
2015_09_01_01_10_bci_t.csv,0.0
2015_09_01_01_15_bci_t.csv,0.0
2015_09_01_01_20_bci_t.csv,0.0
2015_09_01_01_25_bci_t.csv,0.0
2015_09_01_01_30_bci_t.csv,0.0
2015_09_01_01_35_bci_t.csv,0.0
2015_09_01_01_40_bci_t.csv,0.0
2015_09_01_01_45_bci_t.csv,0.0
2015_09_01_01_50_bci_t.csv,0.0
2015_09_01_01_55_bci_t.csv,0.0
2015_09_01_02_00_bci_t.csv,0.0
2015_09_01_02_05_bci_t.csv,0.0
2015_09_01_02_10_bci_t.csv,0.0
2015_09_01_02_15_bci_t.csv,0.0
2015_09_01_02_20_bci_t.csv,0.0
2015_09_01_02_25_bci_t.csv,0.0
2015_09_01_02_30_bci_t.csv,0.0
2015_09_01_02_35_bci_t.csv,0.0
2015_09_01_02_40_bci_t.csv,0.0
2015_09_01_02_45_bci_t.csv,0.0
2015_09_01_02_50_bci_t.csv,0.0
2015_09_01_02_55_bci_t.csv,0.0
2015_09_01_03_00_bci_t.csv,0.0
2015_09_01_03_05_bci_t.csv,0.0
2015_09_01_03_10_bci_t.csv,0.0
2015_09_01_03_15_bci_t.csv,0.0
2015_09_01_03_20_bci_t.csv,0.0
2015_09_01_03_25_bci_t.csv,0.0
2015_09_01_03_30_bci_t.csv,0.0
2015_09_01_03_35_bci_t.csv,0.0
2015_09_01_03_40_bci_t.csv,0.0
2015_09_01_03_45_bci_t.csv,0.0
2015_09_01_03_50_bci_t.csv,0.0
2015_09_01_03_55_bci_t.csv,0.0
2015_09_01_04_00_bci_t.csv,0.0
2015_09_01_04_05_bci_t.csv,0.0
2015_09_01_04_10_bci_t.csv,0.0
2015_09_01_04_15_bci_t.csv,0.0
2015_09_01_04_20_bci_t.csv,0.0
2015_09_01_04_25_bci_t.csv,0.0
2015_09_01_04_30_bci_t.csv,0.0
2015_09_01_04_35_bci_t.csv,0.0
2015_09_01_04_40_bci_t.csv,0.0
2015_09_01_04_45_bci_t.csv,0.0
2015_09_01_04_50_bci_t.csv,0.0
2015_09_01_04_55_bci_t.csv,0.0
2015_09_01_05_00_bci_t.csv,0.0
2015_09_01_05_05_bci_t.csv,0.0
2015_09_01_05_10_bci_t.csv,0.0
2015_09_01_05_15_bci_t.csv,0.0
2015_09_01_05_20_bci_t.csv,0.0
2015_09_01_05_25_bci_t.csv,0.0
2015_09_01_05_30_bci_t.csv,0.0
2015_09_01_05_35_bci_t.csv,0.0
2015_09_01_05_40_bci_t.csv,0.0
2015_09_01_05_45_bci_t.csv,0.0
2015_09_01_05_50_bci_t.csv,0.0
2015_09_01_05_55_bci_t.csv,0.0
2015_09_01_06_00_bci_t.csv,0.0
2015_09_01_06_05_bci_t.csv,0.15958720216666666
2015_09_01_06_10_bci_t.csv,0.31917440433333333
2015_09_01_06_15_bci_t.csv,0.4787616065
2015_09_01_06_20_bci_t.csv,0.6383488086666667
2015_09_01_06_25_bci_t.csv,0.7979360108333333
2015_09_01_06_30_bci_t.csv,0.957523213
2015_09_01_06_35_bci_t.csv,1.7905141466666668
2015_09_01_06_40_bci_t.csv,2.6235050803333335
2015_09_01_06_45_bci_t.csv,3.4564960140000003
2015_09_01_06_50_bci_t.csv,4.289486947666667
2015_09_01_06_55_bci_t.csv,5.122477881333333
2015_09_01_07_00_bci_t.csv,5.955468815
2015_09_01_07_05_bci_t.csv,6.5595591744999995
2015_09_01_07_10_bci_t.csv,7.163649533999999
2015_09_01_07_15_bci_t.csv,7.767739893499999
2015_09_01_07_20_bci_t.csv,8.371830252999999
2015_09_01_07_25_bci_t.csv,8.9759206125
2015_09_01_07_30_bci_t.csv,9.580010972
2015_09_01_07_35_bci_t.csv,9.955623691666666
2015_09_01_07_40_bci_t.csv,10.331236411333332
2015_09_01_07_45_bci_t.csv,10.706849130999998
2015_09_01_07_50_bci_t.csv,11.082461850666665
2015_09_01_07_55_bci_t.csv,11.45807457033333
2015_09_01_08_00_bci_t.csv,11.83368729
2015_09_01_08_05_bci_t.csv,13.601960386666667
2015_09_01_08_10_bci_t.csv,15.370233483333333
2015_09_01_08_15_bci_t.csv,17.138506579999998
2015_09_01_08_20_bci_t.csv,18.906779676666666
2015_09_01_08_25_bci_t.csv,20.675052773333334
2015_09_01_08_30_bci_t.csv,22.44332587
2015_09_01_08_35_bci_t.csv,21.654632866666667
2015_09_01_08_40_bci_t.csv,20.865939863333335
2015_09_01_08_45_bci_t.csv,20.077246860000002
2015_09_01_08_50_bci_t.csv,19.28855385666667
2015_09_01_08_55_bci_t.csv,18.499860853333338
2015_09_01_09_00_bci_t.csv,17.71116785
2015_09_01_09_05_bci_t.csv,16.533419755
2015_09_01_09_10_bci_t.csv,15.35567166
2015_09_01_09_15_bci_t.csv,14.177923565
2015_09_01_09_20_bci_t.csv,13.00017547
2015_09_01_09_25_bci_t.csv,11.822427375
2015_09_01_09_30_bci_t.csv,10.64467928
2015_09_01_09_35_bci_t.csv,12.81475326
2015_09_01_09_40_bci_t.csv,14.98482724
2015_09_01_09_45_bci_t.csv,17.15490122
2015_09_01_09_50_bci_t.csv,19.3249752
2015_09_01_09_55_bci_t.csv,21.495049180000002
2015_09_01_10_00_bci_t.csv,23.66512316
2015_09_01_10_05_bci_t.csv,24.501478923333334
2015_09_01_10_10_bci_t.csv,25.337834686666667
2015_09_01_10_15_bci_t.csv,26.17419045
2015_09_01_10_20_bci_t.csv,27.010546213333335
2015_09_01_10_25_bci_t.csv,27.84690197666667
2015_09_01_10_30_bci_t.csv,28.68325774
2015_09_01_10_35_bci_t.csv,29.029480903333333
2015_09_01_10_40_bci_t.csv,29.375704066666668
2015_09_01_10_45_bci_t.csv,29.721927230000002
2015_09_01_10_50_bci_t.csv,30.068150393333337
2015_09_01_10_55_bci_t.csv,30.41437355666667
2015_09_01_11_00_bci_t.csv,30.76059672
2015_09_01_11_05_bci_t.csv,29.531197791666667
2015_09_01_11_10_bci_t.csv,28.301798863333335
2015_09_01_11_15_bci_t.csv,27.072399935000004
2015_09_01_11_20_bci_t.csv,25.84300100666667
2015_09_01_11_25_bci_t.csv,24.61360207833334
2015_09_01_11_30_bci_t.csv,23.38420315
2015_09_01_11_35_bci_t.csv,23.246064641666667
2015_09_01_11_40_bci_t.csv,23.107926133333333
2015_09_01_11_45_bci_t.csv,22.969787625
2015_09_01_11_50_bci_t.csv,22.831649116666664
2015_09_01_11_55_bci_t.csv,22.69351060833333
2015_09_01_12_00_bci_t.csv,22.555372100000003
2015_09_01_12_05_bci_t.csv,23.320315810000004
2015_09_01_12_10_bci_t.csv,24.085259520000005
2015_09_01_12_15_bci_t.csv,24.850203230000005
2015_09_01_12_20_bci_t.csv,25.615146940000006
2015_09_01_12_25_bci_t.csv,26.380090650000007
2015_09_01_12_30_bci_t.csv,27.14503436
2015_09_01_12_35_bci_t.csv,27.08882026166667
2015_09_01_12_40_bci_t.csv,27.032606163333334
2015_09_01_12_45_bci_t.csv,26.976392065
2015_09_01_12_50_bci_t.csv,26.920177966666664
2015_09_01_12_55_bci_t.csv,26.86396386833333
2015_09_01_13_00_bci_t.csv,26.80774977
2015_09_01_13_05_bci_t.csv,26.153198553333333
2015_09_01_13_10_bci_t.csv,25.498647336666664
2015_09_01_13_15_bci_t.csv,24.844096119999996
2015_09_01_13_20_bci_t.csv,24.189544903333328
2015_09_01_13_25_bci_t.csv,23.53499368666666
2015_09_01_13_30_bci_t.csv,22.88044247
2015_09_01_13_35_bci_t.csv,21.391429048333332
2015_09_01_13_40_bci_t.csv,19.902415626666667
2015_09_01_13_45_bci_t.csv,18.413402205
2015_09_01_13_50_bci_t.csv,16.924388783333335
2015_09_01_13_55_bci_t.csv,15.435375361666669
2015_09_01_14_00_bci_t.csv,13.94636194
2015_09_01_14_05_bci_t.csv,14.768208068333333
2015_09_01_14_10_bci_t.csv,15.590054196666667
2015_09_01_14_15_bci_t.csv,16.411900325
2015_09_01_14_20_bci_t.csv,17.233746453333335
2015_09_01_14_25_bci_t.csv,18.05559258166667
2015_09_01_14_30_bci_t.csv,18.87743871
2015_09_01_14_35_bci_t.csv,18.37913306833333
2015_09_01_14_40_bci_t.csv,17.880827426666663
2015_09_01_14_45_bci_t.csv,17.382521784999994
2015_09_01_14_50_bci_t.csv,16.884216143333326
2015_09_01_14_55_bci_t.csv,16.385910501666658
2015_09_01_15_00_bci_t.csv,15.88760486
2015_09_01_15_05_bci_t.csv,14.845436034999999
2015_09_01_15_10_bci_t.csv,13.803267209999998
2015_09_01_15_15_bci_t.csv,12.761098384999997
2015_09_01_15_20_bci_t.csv,11.718929559999996
2015_09_01_15_25_bci_t.csv,10.676760734999995
2015_09_01_15_30_bci_t.csv,9.63459191
2015_09_01_15_35_bci_t.csv,8.838324260666665
2015_09_01_15_40_bci_t.csv,8.042056611333331
2015_09_01_15_45_bci_t.csv,7.245788961999998
2015_09_01_15_50_bci_t.csv,6.449521312666665
2015_09_01_15_55_bci_t.csv,5.653253663333332
2015_09_01_16_00_bci_t.csv,4.856986013999999
2015_09_01_16_05_bci_t.csv,4.748977613166666
2015_09_01_16_10_bci_t.csv,4.640969212333332
2015_09_01_16_15_bci_t.csv,4.532960811499999
2015_09_01_16_20_bci_t.csv,4.424952410666665
2015_09_01_16_25_bci_t.csv,4.316944009833332
2015_09_01_16_30_bci_t.csv,4.208935609
2015_09_01_16_35_bci_t.csv,3.9562014815
2015_09_01_16_40_bci_t.csv,3.703467354
2015_09_01_16_45_bci_t.csv,3.4507332264999997
2015_09_01_16_50_bci_t.csv,3.1979990989999996
2015_09_01_16_55_bci_t.csv,2.9452649714999994
2015_09_01_17_00_bci_t.csv,2.6925308439999998
2015_09_01_17_05_bci_t.csv,2.6514100679999997
2015_09_01_17_10_bci_t.csv,2.6102892919999996
2015_09_01_17_15_bci_t.csv,2.5691685159999995
2015_09_01_17_20_bci_t.csv,2.5280477399999994
2015_09_01_17_25_bci_t.csv,2.4869269639999994
2015_09_01_17_30_bci_t.csv,2.445806188
2015_09_01_17_35_bci_t.csv,2.0381718233333332
2015_09_01_17_40_bci_t.csv,1.6305374586666666
2015_09_01_17_45_bci_t.csv,1.2229030939999999
2015_09_01_17_50_bci_t.csv,0.8152687293333332
2015_09_01_17_55_bci_t.csv,0.40763436466666647
2015_09_01_18_00_bci_t.csv,0.0
2015_09_01_18_05_bci_t.csv,0.0
2015_09_01_18_10_bci_t.csv,0.0
2015_09_01_18_15_bci_t.csv,0.0
2015_09_01_18_20_bci_t.csv,0.0
2015_09_01_18_25_bci_t.csv,0.0
2015_09_01_18_30_bci_t.csv,0.0
2015_09_01_18_35_bci_t.csv,0.0
2015_09_01_18_40_bci_t.csv,0.0
2015_09_01_18_45_bci_t.csv,0.0
2015_09_01_18_50_bci_t.csv,0.0
2015_09_01_18_55_bci_t.csv,0.0
2015_09_01_19_00_bci_t.csv,0.0
2015_09_01_19_05_bci_t.csv,0.0
2015_09_01_19_10_bci_t.csv,0.0
2015_09_01_19_15_bci_t.csv,0.0
2015_09_01_19_20_bci_t.csv,0.0
2015_09_01_19_25_bci_t.csv,0.0
2015_09_01_19_30_bci_t.csv,0.0
2015_09_01_19_35_bci_t.csv,0.0
2015_09_01_19_40_bci_t.csv,0.0
2015_09_01_19_45_bci_t.csv,0.0
2015_09_01_19_50_bci_t.csv,0.0
2015_09_01_19_55_bci_t.csv,0.0
2015_09_01_20_00_bci_t.csv,0.0
2015_09_01_20_05_bci_t.csv,0.0
2015_09_01_20_10_bci_t.csv,0.0
2015_09_01_20_15_bci_t.csv,0.0
2015_09_01_20_20_bci_t.csv,0.0
2015_09_01_20_25_bci_t.csv,0.0
2015_09_01_20_30_bci_t.csv,0.0
2015_09_01_20_35_bci_t.csv,0.0
2015_09_01_20_40_bci_t.csv,0.0
2015_09_01_20_45_bci_t.csv,0.0
2015_09_01_20_50_bci_t.csv,0.0
2015_09_01_20_55_bci_t.csv,0.0
2015_09_01_21_00_bci_t.csv,0.0
2015_09_01_21_05_bci_t.csv,0.0
2015_09_01_21_10_bci_t.csv,0.0
2015_09_01_21_15_bci_t.csv,0.0
2015_09_01_21_20_bci_t.csv,0.0
2015_09_01_21_25_bci_t.csv,0.0
2015_09_01_21_30_bci_t.csv,0.0
2015_09_01_21_35_bci_t.csv,0.0
2015_09_01_21_40_bci_t.csv,0.0
2015_09_01_21_45_bci_t.csv,0.0
2015_09_01_21_50_bci_t.csv,0.0
2015_09_01_21_55_bci_t.csv,0.0
2015_09_01_22_00_bci_t.csv,0.0
2015_09_01_22_05_bci_t.csv,0.0
2015_09_01_22_10_bci_t.csv,0.0
2015_09_01_22_15_bci_t.csv,0.0
2015_09_01_22_20_bci_t.csv,0.0
2015_09_01_22_25_bci_t.csv,0.0
2015_09_01_22_30_bci_t.csv,0.0
2015_09_01_22_35_bci_t.csv,0.0
2015_09_01_22_40_bci_t.csv,0.0
2015_09_01_22_45_bci_t.csv,0.0
2015_09_01_22_50_bci_t.csv,0.0
2015_09_01_22_55_bci_t.csv,0.0
2015_09_01_23_00_bci_t.csv,0.0
2015_09_01_23_05_bci_t.csv,0.0
2015_09_01_23_10_bci_t.csv,0.0
2015_09_01_23_15_bci_t.csv,0.0
2015_09_01_23_20_bci_t.csv,0.0
2015_09_01_23_25_bci_t.csv,0.0
2015_09_01_23_30_bci_t.csv,0.0
2015_09_01_23_35_bci_t.csv,0.0
2015_09_01_23_40_bci_t.csv,0.0
2015_09_01_23_45_bci_t.csv,0.0
2015_09_01_23_50_bci_t.csv,0.0
2015_09_01_23_55_bci_t.csv,0.0
2015_09_02_00_00_bci_t.csv,0.0
2015_09_02_00_05_bci_t.csv,0.0
2015_09_02_00_10_bci_t.csv,0.0
2015_09_02_00_15_bci_t.csv,0.0
2015_09_02_00_20_bci_t.csv,0.0
2015_09_02_00_25_bci_t.csv,0.0
2015_09_02_00_30_bci_t.csv,0.0
2015_09_02_00_35_bci_t.csv,0.0
2015_09_02_00_40_bci_t.csv,0.0
2015_09_02_00_45_bci_t.csv,0.0
2015_09_02_00_50_bci_t.csv,0.0
2015_09_02_00_55_bci_t.csv,0.0
2015_09_02_01_00_bci_t.csv,0.0
2015_09_02_01_05_bci_t.csv,0.0
2015_09_02_01_10_bci_t.csv,0.0
2015_09_02_01_15_bci_t.csv,0.0
2015_09_02_01_20_bci_t.csv,0.0
2015_09_02_01_25_bci_t.csv,0.0
2015_09_02_01_30_bci_t.csv,0.0
2015_09_02_01_35_bci_t.csv,0.0
2015_09_02_01_40_bci_t.csv,0.0
2015_09_02_01_45_bci_t.csv,0.0
2015_09_02_01_50_bci_t.csv,0.0
2015_09_02_01_55_bci_t.csv,0.0
2015_09_02_02_00_bci_t.csv,0.0
2015_09_02_02_05_bci_t.csv,0.0
2015_09_02_02_10_bci_t.csv,0.0
2015_09_02_02_15_bci_t.csv,0.0
2015_09_02_02_20_bci_t.csv,0.0
2015_09_02_02_25_bci_t.csv,0.0
2015_09_02_02_30_bci_t.csv,0.0
2015_09_02_02_35_bci_t.csv,0.0
2015_09_02_02_40_bci_t.csv,0.0
2015_09_02_02_45_bci_t.csv,0.0
2015_09_02_02_50_bci_t.csv,0.0
2015_09_02_02_55_bci_t.csv,0.0
2015_09_02_03_00_bci_t.csv,0.0
2015_09_02_03_05_bci_t.csv,0.0
2015_09_02_03_10_bci_t.csv,0.0
2015_09_02_03_15_bci_t.csv,0.0
2015_09_02_03_20_bci_t.csv,0.0
2015_09_02_03_25_bci_t.csv,0.0
2015_09_02_03_30_bci_t.csv,0.0
2015_09_02_03_35_bci_t.csv,0.0
2015_09_02_03_40_bci_t.csv,0.0
2015_09_02_03_45_bci_t.csv,0.0
2015_09_02_03_50_bci_t.csv,0.0
2015_09_02_03_55_bci_t.csv,0.0
2015_09_02_04_00_bci_t.csv,0.0
2015_09_02_04_05_bci_t.csv,0.0
2015_09_02_04_10_bci_t.csv,0.0
2015_09_02_04_15_bci_t.csv,0.0
2015_09_02_04_20_bci_t.csv,0.0
2015_09_02_04_25_bci_t.csv,0.0
2015_09_02_04_30_bci_t.csv,0.0
2015_09_02_04_35_bci_t.csv,0.0
2015_09_02_04_40_bci_t.csv,0.0
2015_09_02_04_45_bci_t.csv,0.0
2015_09_02_04_50_bci_t.csv,0.0
2015_09_02_04_55_bci_t.csv,0.0
2015_09_02_05_00_bci_t.csv,0.0
2015_09_02_05_05_bci_t.csv,0.0
2015_09_02_05_10_bci_t.csv,0.0
2015_09_02_05_15_bci_t.csv,0.0
2015_09_02_05_20_bci_t.csv,0.0
2015_09_02_05_25_bci_t.csv,0.0
2015_09_02_05_30_bci_t.csv,0.0
2015_09_02_05_35_bci_t.csv,0.0
2015_09_02_05_40_bci_t.csv,0.0
2015_09_02_05_45_bci_t.csv,0.0
2015_09_02_05_50_bci_t.csv,0.0
2015_09_02_05_55_bci_t.csv,0.0
2015_09_02_06_00_bci_t.csv,0.0
2015_09_02_06_05_bci_t.csv,0.3829243591666667
2015_09_02_06_10_bci_t.csv,0.7658487183333333
2015_09_02_06_15_bci_t.csv,1.1487730775
2015_09_02_06_20_bci_t.csv,1.5316974366666667
2015_09_02_06_25_bci_t.csv,1.9146217958333334
2015_09_02_06_30_bci_t.csv,2.297546155
2015_09_02_06_35_bci_t.csv,3.1140871761666666
2015_09_02_06_40_bci_t.csv,3.9306281973333332
2015_09_02_06_45_bci_t.csv,4.7471692185
2015_09_02_06_50_bci_t.csv,5.5637102396666664
2015_09_02_06_55_bci_t.csv,6.380251260833333
2015_09_02_07_00_bci_t.csv,7.1967922820000005
2015_09_02_07_05_bci_t.csv,7.6915838050000005
2015_09_02_07_10_bci_t.csv,8.186375328
2015_09_02_07_15_bci_t.csv,8.681166851
2015_09_02_07_20_bci_t.csv,9.175958374
2015_09_02_07_25_bci_t.csv,9.670749897
2015_09_02_07_30_bci_t.csv,10.16554142
2015_09_02_07_35_bci_t.csv,11.542571106666667
2015_09_02_07_40_bci_t.csv,12.919600793333334
2015_09_02_07_45_bci_t.csv,14.296630480000001
2015_09_02_07_50_bci_t.csv,15.673660166666668
2015_09_02_07_55_bci_t.csv,17.050689853333335
2015_09_02_08_00_bci_t.csv,18.42771954
2015_09_02_08_05_bci_t.csv,18.177558226666665
2015_09_02_08_10_bci_t.csv,17.927396913333332
2015_09_02_08_15_bci_t.csv,17.6772356
2015_09_02_08_20_bci_t.csv,17.427074286666667
2015_09_02_08_25_bci_t.csv,17.176912973333334
2015_09_02_08_30_bci_t.csv,16.92675166
2015_09_02_08_35_bci_t.csv,16.7164198
2015_09_02_08_40_bci_t.csv,16.50608794
2015_09_02_08_45_bci_t.csv,16.29575608
2015_09_02_08_50_bci_t.csv,16.08542422
2015_09_02_08_55_bci_t.csv,15.87509236
2015_09_02_09_00_bci_t.csv,15.664760500000002
2015_09_02_09_05_bci_t.csv,15.387013470000001
2015_09_02_09_10_bci_t.csv,15.10926644
2015_09_02_09_15_bci_t.csv,14.83151941
2015_09_02_09_20_bci_t.csv,14.55377238
2015_09_02_09_25_bci_t.csv,14.27602535
2015_09_02_09_30_bci_t.csv,13.99827832
2015_09_02_09_35_bci_t.csv,14.462624973333334
2015_09_02_09_40_bci_t.csv,14.926971626666667
2015_09_02_09_45_bci_t.csv,15.39131828
2015_09_02_09_50_bci_t.csv,15.855664933333333
2015_09_02_09_55_bci_t.csv,16.320011586666666
2015_09_02_10_00_bci_t.csv,16.78435824
2015_09_02_10_05_bci_t.csv,19.40130947666667
2015_09_02_10_10_bci_t.csv,22.018260713333333
2015_09_02_10_15_bci_t.csv,24.63521195
2015_09_02_10_20_bci_t.csv,27.252163186666664
2015_09_02_10_25_bci_t.csv,29.86911442333333
2015_09_02_10_30_bci_t.csv,32.48606566
2015_09_02_10_35_bci_t.csv,30.931824016666667
2015_09_02_10_40_bci_t.csv,29.377582373333333
2015_09_02_10_45_bci_t.csv,27.823340729999998
2015_09_02_10_50_bci_t.csv,26.269099086666664
2015_09_02_10_55_bci_t.csv,24.71485744333333
2015_09_02_11_00_bci_t.csv,23.1606158
2015_09_02_11_05_bci_t.csv,24.315240698333334
2015_09_02_11_10_bci_t.csv,25.46986559666667
2015_09_02_11_15_bci_t.csv,26.624490495000003
2015_09_02_11_20_bci_t.csv,27.77911539333334
2015_09_02_11_25_bci_t.csv,28.933740291666673
2015_09_02_11_30_bci_t.csv,30.08836519
2015_09_02_11_35_bci_t.csv,29.590387521666667
2015_09_02_11_40_bci_t.csv,29.092409853333333
2015_09_02_11_45_bci_t.csv,28.594432185
2015_09_02_11_50_bci_t.csv,28.096454516666665
2015_09_02_11_55_bci_t.csv,27.59847684833333
2015_09_02_12_00_bci_t.csv,27.10049918
2015_09_02_12_05_bci_t.csv,26.56326146
2015_09_02_12_10_bci_t.csv,26.02602374
2015_09_02_12_15_bci_t.csv,25.48878602
2015_09_02_12_20_bci_t.csv,24.9515483
2015_09_02_12_25_bci_t.csv,24.41431058
2015_09_02_12_30_bci_t.csv,23.87707286
2015_09_02_12_35_bci_t.csv,24.27264418
2015_09_02_12_40_bci_t.csv,24.668215500000002
2015_09_02_12_45_bci_t.csv,25.063786820000004
2015_09_02_12_50_bci_t.csv,25.459358140000006
2015_09_02_12_55_bci_t.csv,25.854929460000008
2015_09_02_13_00_bci_t.csv,26.25050078
2015_09_02_13_05_bci_t.csv,25.087403316666666
2015_09_02_13_10_bci_t.csv,23.924305853333333
2015_09_02_13_15_bci_t.csv,22.76120839
2015_09_02_13_20_bci_t.csv,21.598110926666667
2015_09_02_13_25_bci_t.csv,20.435013463333334
2015_09_02_13_30_bci_t.csv,19.271916
2015_09_02_13_35_bci_t.csv,20.933442745
2015_09_02_13_40_bci_t.csv,22.59496949
2015_09_02_13_45_bci_t.csv,24.256496235
2015_09_02_13_50_bci_t.csv,25.91802298
2015_09_02_13_55_bci_t.csv,27.579549725
2015_09_02_14_00_bci_t.csv,29.24107647
2015_09_02_14_05_bci_t.csv,27.494689038333334
2015_09_02_14_10_bci_t.csv,25.74830160666667
2015_09_02_14_15_bci_t.csv,24.001914175000003
2015_09_02_14_20_bci_t.csv,22.255526743333338
2015_09_02_14_25_bci_t.csv,20.509139311666672
2015_09_02_14_30_bci_t.csv,18.76275188
2015_09_02_14_35_bci_t.csv,17.94278109
2015_09_02_14_40_bci_t.csv,17.1228103
2015_09_02_14_45_bci_t.csv,16.302839510000002
2015_09_02_14_50_bci_t.csv,15.482868720000003
2015_09_02_14_55_bci_t.csv,14.662897930000003
2015_09_02_15_00_bci_t.csv,13.84292714
2015_09_02_15_05_bci_t.csv,13.241558168333334
2015_09_02_15_10_bci_t.csv,12.640189196666668
2015_09_02_15_15_bci_t.csv,12.038820225000002
2015_09_02_15_20_bci_t.csv,11.437451253333336
2015_09_02_15_25_bci_t.csv,10.83608228166667
2015_09_02_15_30_bci_t.csv,10.23471331
2015_09_02_15_35_bci_t.csv,12.126352143333333
2015_09_02_15_40_bci_t.csv,14.017990976666667
2015_09_02_15_45_bci_t.csv,15.90962981
2015_09_02_15_50_bci_t.csv,17.801268643333334
2015_09_02_15_55_bci_t.csv,19.69290747666667
2015_09_02_16_00_bci_t.csv,21.58454631
2015_09_02_16_05_bci_t.csv,19.501309253833334
2015_09_02_16_10_bci_t.csv,17.418072197666667
2015_09_02_16_15_bci_t.csv,15.334835141500001
2015_09_02_16_20_bci_t.csv,13.251598085333335
2015_09_02_16_25_bci_t.csv,11.168361029166668
2015_09_02_16_30_bci_t.csv,9.085123973
2015_09_02_16_35_bci_t.csv,8.234014356833333
2015_09_02_16_40_bci_t.csv,7.382904740666667
2015_09_02_16_45_bci_t.csv,6.5317951245
2015_09_02_16_50_bci_t.csv,5.680685508333334
2015_09_02_16_55_bci_t.csv,4.829575892166668
2015_09_02_17_00_bci_t.csv,3.9784662760000002
2015_09_02_17_05_bci_t.csv,4.034190681666667
2015_09_02_17_10_bci_t.csv,4.089915087333334
2015_09_02_17_15_bci_t.csv,4.145639493000001
2015_09_02_17_20_bci_t.csv,4.201363898666668
2015_09_02_17_25_bci_t.csv,4.257088304333335
2015_09_02_17_30_bci_t.csv,4.31281271
2015_09_02_17_35_bci_t.csv,4.117894203166667
2015_09_02_17_40_bci_t.csv,3.9229756963333338
2015_09_02_17_45_bci_t.csv,3.7280571895000003
2015_09_02_17_50_bci_t.csv,3.533138682666667
2015_09_02_17_55_bci_t.csv,3.3382201758333334
2015_09_02_18_00_bci_t.csv,3.143301669
2015_09_02_18_05_bci_t.csv,2.6194180575
2015_09_02_18_10_bci_t.csv,2.095534446
2015_09_02_18_15_bci_t.csv,1.5716508344999998
2015_09_02_18_20_bci_t.csv,1.0477672229999997
2015_09_02_18_25_bci_t.csv,0.5238836114999997
2015_09_02_18_30_bci_t.csv,0.0
2015_09_02_18_35_bci_t.csv,0.0
2015_09_02_18_40_bci_t.csv,0.0
2015_09_02_18_45_bci_t.csv,0.0
2015_09_02_18_50_bci_t.csv,0.0
2015_09_02_18_55_bci_t.csv,0.0
2015_09_02_19_00_bci_t.csv,0.0
2015_09_02_19_05_bci_t.csv,0.0
2015_09_02_19_10_bci_t.csv,0.0
2015_09_02_19_15_bci_t.csv,0.0
2015_09_02_19_20_bci_t.csv,0.0
2015_09_02_19_25_bci_t.csv,0.0
2015_09_02_19_30_bci_t.csv,0.0
2015_09_02_19_35_bci_t.csv,0.0
2015_09_02_19_40_bci_t.csv,0.0
2015_09_02_19_45_bci_t.csv,0.0
2015_09_02_19_50_bci_t.csv,0.0
2015_09_02_19_55_bci_t.csv,0.0
2015_09_02_20_00_bci_t.csv,0.0
2015_09_02_20_05_bci_t.csv,0.0
2015_09_02_20_10_bci_t.csv,0.0
2015_09_02_20_15_bci_t.csv,0.0
2015_09_02_20_20_bci_t.csv,0.0
2015_09_02_20_25_bci_t.csv,0.0
2015_09_02_20_30_bci_t.csv,0.0
2015_09_02_20_35_bci_t.csv,0.0
2015_09_02_20_40_bci_t.csv,0.0
2015_09_02_20_45_bci_t.csv,0.0
2015_09_02_20_50_bci_t.csv,0.0
2015_09_02_20_55_bci_t.csv,0.0
2015_09_02_21_00_bci_t.csv,0.0
2015_09_02_21_05_bci_t.csv,0.0
2015_09_02_21_10_bci_t.csv,0.0
2015_09_02_21_15_bci_t.csv,0.0
2015_09_02_21_20_bci_t.csv,0.0
2015_09_02_21_25_bci_t.csv,0.0
2015_09_02_21_30_bci_t.csv,0.0
2015_09_02_21_35_bci_t.csv,0.0
2015_09_02_21_40_bci_t.csv,0.0
2015_09_02_21_45_bci_t.csv,0.0
2015_09_02_21_50_bci_t.csv,0.0
2015_09_02_21_55_bci_t.csv,0.0
2015_09_02_22_00_bci_t.csv,0.0
2015_09_02_22_05_bci_t.csv,0.0
2015_09_02_22_10_bci_t.csv,0.0
2015_09_02_22_15_bci_t.csv,0.0
2015_09_02_22_20_bci_t.csv,0.0
2015_09_02_22_25_bci_t.csv,0.0
2015_09_02_22_30_bci_t.csv,0.0
2015_09_02_22_35_bci_t.csv,0.0
2015_09_02_22_40_bci_t.csv,0.0
2015_09_02_22_45_bci_t.csv,0.0
2015_09_02_22_50_bci_t.csv,0.0
2015_09_02_22_55_bci_t.csv,0.0
2015_09_02_23_00_bci_t.csv,0.0
2015_09_02_23_05_bci_t.csv,0.0
2015_09_02_23_10_bci_t.csv,0.0
2015_09_02_23_15_bci_t.csv,0.0
2015_09_02_23_20_bci_t.csv,0.0
2015_09_02_23_25_bci_t.csv,0.0
2015_09_02_23_30_bci_t.csv,0.0
2015_09_02_23_35_bci_t.csv,0.0
2015_09_02_23_40_bci_t.csv,0.0
2015_09_02_23_45_bci_t.csv,0.0
2015_09_02_23_50_bci_t.csv,0.0
2015_09_02_23_55_bci_t.csv,0.0
2015_09_03_00_00_bci_t.csv,0.0
2015_09_03_00_05_bci_t.csv,0.0
2015_09_03_00_10_bci_t.csv,0.0
2015_09_03_00_15_bci_t.csv,0.0
2015_09_03_00_20_bci_t.csv,0.0
2015_09_03_00_25_bci_t.csv,0.0
2015_09_03_00_30_bci_t.csv,0.0
2015_09_03_00_35_bci_t.csv,0.0
2015_09_03_00_40_bci_t.csv,0.0
2015_09_03_00_45_bci_t.csv,0.0
2015_09_03_00_50_bci_t.csv,0.0
2015_09_03_00_55_bci_t.csv,0.0
2015_09_03_01_00_bci_t.csv,0.0
2015_09_03_01_05_bci_t.csv,0.0
2015_09_03_01_10_bci_t.csv,0.0
2015_09_03_01_15_bci_t.csv,0.0
2015_09_03_01_20_bci_t.csv,0.0
2015_09_03_01_25_bci_t.csv,0.0
2015_09_03_01_30_bci_t.csv,0.0
2015_09_03_01_35_bci_t.csv,0.0
2015_09_03_01_40_bci_t.csv,0.0
2015_09_03_01_45_bci_t.csv,0.0
2015_09_03_01_50_bci_t.csv,0.0
2015_09_03_01_55_bci_t.csv,0.0
2015_09_03_02_00_bci_t.csv,0.0
2015_09_03_02_05_bci_t.csv,0.0
2015_09_03_02_10_bci_t.csv,0.0
2015_09_03_02_15_bci_t.csv,0.0
2015_09_03_02_20_bci_t.csv,0.0
2015_09_03_02_25_bci_t.csv,0.0
2015_09_03_02_30_bci_t.csv,0.0
2015_09_03_02_35_bci_t.csv,0.0
2015_09_03_02_40_bci_t.csv,0.0
2015_09_03_02_45_bci_t.csv,0.0
2015_09_03_02_50_bci_t.csv,0.0
2015_09_03_02_55_bci_t.csv,0.0
2015_09_03_03_00_bci_t.csv,0.0
2015_09_03_03_05_bci_t.csv,0.0
2015_09_03_03_10_bci_t.csv,0.0
2015_09_03_03_15_bci_t.csv,0.0
2015_09_03_03_20_bci_t.csv,0.0
2015_09_03_03_25_bci_t.csv,0.0
2015_09_03_03_30_bci_t.csv,0.0
2015_09_03_03_35_bci_t.csv,0.0
2015_09_03_03_40_bci_t.csv,0.0
2015_09_03_03_45_bci_t.csv,0.0
2015_09_03_03_50_bci_t.csv,0.0
2015_09_03_03_55_bci_t.csv,0.0
2015_09_03_04_00_bci_t.csv,0.0
2015_09_03_04_05_bci_t.csv,0.0
2015_09_03_04_10_bci_t.csv,0.0
2015_09_03_04_15_bci_t.csv,0.0
2015_09_03_04_20_bci_t.csv,0.0
2015_09_03_04_25_bci_t.csv,0.0
2015_09_03_04_30_bci_t.csv,0.0
2015_09_03_04_35_bci_t.csv,0.0
2015_09_03_04_40_bci_t.csv,0.0
2015_09_03_04_45_bci_t.csv,0.0
2015_09_03_04_50_bci_t.csv,0.0
2015_09_03_04_55_bci_t.csv,0.0
2015_09_03_05_00_bci_t.csv,0.0
2015_09_03_05_05_bci_t.csv,0.0
2015_09_03_05_10_bci_t.csv,0.0
2015_09_03_05_15_bci_t.csv,0.0
2015_09_03_05_20_bci_t.csv,0.0
2015_09_03_05_25_bci_t.csv,0.0
2015_09_03_05_30_bci_t.csv,0.0
2015_09_03_05_35_bci_t.csv,0.0
2015_09_03_05_40_bci_t.csv,0.0
2015_09_03_05_45_bci_t.csv,0.0
2015_09_03_05_50_bci_t.csv,0.0
2015_09_03_05_55_bci_t.csv,0.0
2015_09_03_06_00_bci_t.csv,0.0
2015_09_03_06_05_bci_t.csv,0.0
2015_09_03_06_10_bci_t.csv,0.0
2015_09_03_06_15_bci_t.csv,0.0
2015_09_03_06_20_bci_t.csv,0.0
2015_09_03_06_25_bci_t.csv,0.0
2015_09_03_06_30_bci_t.csv,0.0
2015_09_03_06_35_bci_t.csv,0.6519341113333333
2015_09_03_06_40_bci_t.csv,1.3038682226666667
2015_09_03_06_45_bci_t.csv,1.955802334
2015_09_03_06_50_bci_t.csv,2.6077364453333334
2015_09_03_06_55_bci_t.csv,3.259670556666667
2015_09_03_07_00_bci_t.csv,3.9116046680000003
2015_09_03_07_05_bci_t.csv,5.02193567
2015_09_03_07_10_bci_t.csv,6.132266672
2015_09_03_07_15_bci_t.csv,7.242597674
2015_09_03_07_20_bci_t.csv,8.352928676
2015_09_03_07_25_bci_t.csv,9.463259678
2015_09_03_07_30_bci_t.csv,10.57359068
2015_09_03_07_35_bci_t.csv,8.879122121833333
2015_09_03_07_40_bci_t.csv,7.184653563666666
2015_09_03_07_45_bci_t.csv,5.490185005499999
2015_09_03_07_50_bci_t.csv,3.795716447333332
2015_09_03_07_55_bci_t.csv,2.1012478891666646
2015_09_03_08_00_bci_t.csv,0.406779331
2015_09_03_08_05_bci_t.csv,0.46244388433333333
2015_09_03_08_10_bci_t.csv,0.5181084376666667
2015_09_03_08_15_bci_t.csv,0.573772991
2015_09_03_08_20_bci_t.csv,0.6294375443333333
2015_09_03_08_25_bci_t.csv,0.6851020976666666
2015_09_03_08_30_bci_t.csv,0.7407666509999999
2015_09_03_08_35_bci_t.csv,1.2077144506666666
2015_09_03_08_40_bci_t.csv,1.6746622503333333
2015_09_03_08_45_bci_t.csv,2.1416100499999997
2015_09_03_08_50_bci_t.csv,2.608557849666666
2015_09_03_08_55_bci_t.csv,3.0755056493333326
2015_09_03_09_00_bci_t.csv,3.542453449
2015_09_03_09_05_bci_t.csv,3.6819004231666668
2015_09_03_09_10_bci_t.csv,3.8213473973333336
2015_09_03_09_15_bci_t.csv,3.9607943715000005
2015_09_03_09_20_bci_t.csv,4.100241345666667
2015_09_03_09_25_bci_t.csv,4.239688319833334
2015_09_03_09_30_bci_t.csv,4.379135294
2015_09_03_09_35_bci_t.csv,3.881612303166667
2015_09_03_09_40_bci_t.csv,3.3840893123333338
2015_09_03_09_45_bci_t.csv,2.8865663215000006
2015_09_03_09_50_bci_t.csv,2.3890433306666674
2015_09_03_09_55_bci_t.csv,1.891520339833334
2015_09_03_10_00_bci_t.csv,1.3939973490000002
2015_09_03_10_05_bci_t.csv,3.3436973375
2015_09_03_10_10_bci_t.csv,5.293397326
2015_09_03_10_15_bci_t.csv,7.2430973145
2015_09_03_10_20_bci_t.csv,9.192797303
2015_09_03_10_25_bci_t.csv,11.142497291500002
2015_09_03_10_30_bci_t.csv,13.09219728
2015_09_03_10_35_bci_t.csv,13.438091655000001
2015_09_03_10_40_bci_t.csv,13.783986030000001
2015_09_03_10_45_bci_t.csv,14.129880405000002
2015_09_03_10_50_bci_t.csv,14.475774780000002
2015_09_03_10_55_bci_t.csv,14.821669155000002
2015_09_03_11_00_bci_t.csv,15.16756353
2015_09_03_11_05_bci_t.csv,16.167757188333333
2015_09_03_11_10_bci_t.csv,17.167950846666667
2015_09_03_11_15_bci_t.csv,18.168144505
2015_09_03_11_20_bci_t.csv,19.168338163333335
2015_09_03_11_25_bci_t.csv,20.16853182166667
2015_09_03_11_30_bci_t.csv,21.16872548
2015_09_03_11_35_bci_t.csv,22.030903288333334
2015_09_03_11_40_bci_t.csv,22.89308109666667
2015_09_03_11_45_bci_t.csv,23.755258905000005
2015_09_03_11_50_bci_t.csv,24.61743671333334
2015_09_03_11_55_bci_t.csv,25.479614521666676
2015_09_03_12_00_bci_t.csv,26.34179233
2015_09_03_12_05_bci_t.csv,29.424633561666667
2015_09_03_12_10_bci_t.csv,32.50747479333334
2015_09_03_12_15_bci_t.csv,35.59031602500001
2015_09_03_12_20_bci_t.csv,38.67315725666668
2015_09_03_12_25_bci_t.csv,41.75599848833335
2015_09_03_12_30_bci_t.csv,44.83883972
2015_09_03_12_35_bci_t.csv,41.450658600000004
2015_09_03_12_40_bci_t.csv,38.062477480000005
2015_09_03_12_45_bci_t.csv,34.67429636000001
2015_09_03_12_50_bci_t.csv,31.286115240000008
2015_09_03_12_55_bci_t.csv,27.89793412000001
2015_09_03_13_00_bci_t.csv,24.509753
2015_09_03_13_05_bci_t.csv,25.478259985
2015_09_03_13_10_bci_t.csv,26.446766970000002
2015_09_03_13_15_bci_t.csv,27.415273955000004
2015_09_03_13_20_bci_t.csv,28.383780940000005
2015_09_03_13_25_bci_t.csv,29.352287925000006
2015_09_03_13_30_bci_t.csv,30.32079491
2015_09_03_13_35_bci_t.csv,27.451632275
2015_09_03_13_40_bci_t.csv,24.582469640000003
2015_09_03_13_45_bci_t.csv,21.713307005000004
2015_09_03_13_50_bci_t.csv,18.844144370000006
2015_09_03_13_55_bci_t.csv,15.974981735000005
2015_09_03_14_00_bci_t.csv,13.1058191
2015_09_03_14_05_bci_t.csv,15.548817925
2015_09_03_14_10_bci_t.csv,17.991816749999998
2015_09_03_14_15_bci_t.csv,20.434815575
2015_09_03_14_20_bci_t.csv,22.8778144
2015_09_03_14_25_bci_t.csv,25.320813225
2015_09_03_14_30_bci_t.csv,27.76381205
2015_09_03_14_35_bci_t.csv,28.454264493333334
2015_09_03_14_40_bci_t.csv,29.14471693666667
2015_09_03_14_45_bci_t.csv,29.835169380000004
2015_09_03_14_50_bci_t.csv,30.52562182333334
2015_09_03_14_55_bci_t.csv,31.216074266666674
2015_09_03_15_00_bci_t.csv,31.90652671
2015_09_03_15_05_bci_t.csv,29.8922457
2015_09_03_15_10_bci_t.csv,27.87796469
2015_09_03_15_15_bci_t.csv,25.863683679999998
2015_09_03_15_20_bci_t.csv,23.849402669999996
2015_09_03_15_25_bci_t.csv,21.835121659999995
2015_09_03_15_30_bci_t.csv,19.82084065
2015_09_03_15_35_bci_t.csv,19.352223701666666
2015_09_03_15_40_bci_t.csv,18.883606753333332
2015_09_03_15_45_bci_t.csv,18.414989804999998
2015_09_03_15_50_bci_t.csv,17.946372856666663
2015_09_03_15_55_bci_t.csv,17.47775590833333
2015_09_03_16_00_bci_t.csv,17.00913896
2015_09_03_16_05_bci_t.csv,15.896399863333334
2015_09_03_16_10_bci_t.csv,14.783660766666667
2015_09_03_16_15_bci_t.csv,13.67092167
2015_09_03_16_20_bci_t.csv,12.558182573333333
2015_09_03_16_25_bci_t.csv,11.445443476666666
2015_09_03_16_30_bci_t.csv,10.33270438
2015_09_03_16_35_bci_t.csv,9.697412639833333
2015_09_03_16_40_bci_t.csv,9.062120899666667
2015_09_03_16_45_bci_t.csv,8.4268291595
2015_09_03_16_50_bci_t.csv,7.791537419333334
2015_09_03_16_55_bci_t.csv,7.156245679166668
2015_09_03_17_00_bci_t.csv,6.520953939
2015_09_03_17_05_bci_t.csv,5.911384961666666
2015_09_03_17_10_bci_t.csv,5.301815984333333
2015_09_03_17_15_bci_t.csv,4.692247006999999
2015_09_03_17_20_bci_t.csv,4.082678029666665
2015_09_03_17_25_bci_t.csv,3.473109052333332
2015_09_03_17_30_bci_t.csv,2.863540075
2015_09_03_17_35_bci_t.csv,2.4856964906666668
2015_09_03_17_40_bci_t.csv,2.1078529063333336
2015_09_03_17_45_bci_t.csv,1.7300093220000001
2015_09_03_17_50_bci_t.csv,1.3521657376666667
2015_09_03_17_55_bci_t.csv,0.9743221533333333
2015_09_03_18_00_bci_t.csv,0.596478569
2015_09_03_18_05_bci_t.csv,0.49706547416666663
2015_09_03_18_10_bci_t.csv,0.3976523793333333
2015_09_03_18_15_bci_t.csv,0.2982392845
2015_09_03_18_20_bci_t.csv,0.19882618966666665
2015_09_03_18_25_bci_t.csv,0.09941309483333333
2015_09_03_18_30_bci_t.csv,0.0
2015_09_03_18_35_bci_t.csv,0.0
2015_09_03_18_40_bci_t.csv,0.0
2015_09_03_18_45_bci_t.csv,0.0
2015_09_03_18_50_bci_t.csv,0.0
2015_09_03_18_55_bci_t.csv,0.0
2015_09_03_19_00_bci_t.csv,0.0
2015_09_03_19_05_bci_t.csv,0.0
2015_09_03_19_10_bci_t.csv,0.0
2015_09_03_19_15_bci_t.csv,0.0
2015_09_03_19_20_bci_t.csv,0.0
2015_09_03_19_25_bci_t.csv,0.0
2015_09_03_19_30_bci_t.csv,0.0
2015_09_03_19_35_bci_t.csv,0.0
2015_09_03_19_40_bci_t.csv,0.0
2015_09_03_19_45_bci_t.csv,0.0
2015_09_03_19_50_bci_t.csv,0.0
2015_09_03_19_55_bci_t.csv,0.0
2015_09_03_20_00_bci_t.csv,0.0
2015_09_03_20_05_bci_t.csv,0.0
2015_09_03_20_10_bci_t.csv,0.0
2015_09_03_20_15_bci_t.csv,0.0
2015_09_03_20_20_bci_t.csv,0.0
2015_09_03_20_25_bci_t.csv,0.0
2015_09_03_20_30_bci_t.csv,0.0
2015_09_03_20_35_bci_t.csv,0.0
2015_09_03_20_40_bci_t.csv,0.0
2015_09_03_20_45_bci_t.csv,0.0
2015_09_03_20_50_bci_t.csv,0.0
2015_09_03_20_55_bci_t.csv,0.0
2015_09_03_21_00_bci_t.csv,0.0
2015_09_03_21_05_bci_t.csv,0.0
2015_09_03_21_10_bci_t.csv,0.0
2015_09_03_21_15_bci_t.csv,0.0
2015_09_03_21_20_bci_t.csv,0.0
2015_09_03_21_25_bci_t.csv,0.0
2015_09_03_21_30_bci_t.csv,0.0
2015_09_03_21_35_bci_t.csv,0.0
2015_09_03_21_40_bci_t.csv,0.0
2015_09_03_21_45_bci_t.csv,0.0
2015_09_03_21_50_bci_t.csv,0.0
2015_09_03_21_55_bci_t.csv,0.0
2015_09_03_22_00_bci_t.csv,0.0
2015_09_03_22_05_bci_t.csv,0.0
2015_09_03_22_10_bci_t.csv,0.0
2015_09_03_22_15_bci_t.csv,0.0
2015_09_03_22_20_bci_t.csv,0.0
2015_09_03_22_25_bci_t.csv,0.0
2015_09_03_22_30_bci_t.csv,0.0
2015_09_03_22_35_bci_t.csv,0.0
2015_09_03_22_40_bci_t.csv,0.0
2015_09_03_22_45_bci_t.csv,0.0
2015_09_03_22_50_bci_t.csv,0.0
2015_09_03_22_55_bci_t.csv,0.0
2015_09_03_23_00_bci_t.csv,0.0
2015_09_03_23_05_bci_t.csv,0.0
2015_09_03_23_10_bci_t.csv,0.0
2015_09_03_23_15_bci_t.csv,0.0
2015_09_03_23_20_bci_t.csv,0.0
2015_09_03_23_25_bci_t.csv,0.0
2015_09_03_23_30_bci_t.csv,0.0
2015_09_03_23_35_bci_t.csv,0.0
2015_09_03_23_40_bci_t.csv,0.0
2015_09_03_23_45_bci_t.csv,0.0
2015_09_03_23_50_bci_t.csv,0.0
2015_09_03_23_55_bci_t.csv,0.0
2015_09_04_00_00_bci_t.csv,0.0
2015_09_04_00_05_bci_t.csv,0.0
2015_09_04_00_10_bci_t.csv,0.0
2015_09_04_00_15_bci_t.csv,0.0
2015_09_04_00_20_bci_t.csv,0.0
2015_09_04_00_25_bci_t.csv,0.0
2015_09_04_00_30_bci_t.csv,0.0
2015_09_04_00_35_bci_t.csv,0.0
2015_09_04_00_40_bci_t.csv,0.0
2015_09_04_00_45_bci_t.csv,0.0
2015_09_04_00_50_bci_t.csv,0.0
2015_09_04_00_55_bci_t.csv,0.0
2015_09_04_01_00_bci_t.csv,0.0
2015_09_04_01_05_bci_t.csv,0.0
2015_09_04_01_10_bci_t.csv,0.0
2015_09_04_01_15_bci_t.csv,0.0
2015_09_04_01_20_bci_t.csv,0.0
2015_09_04_01_25_bci_t.csv,0.0
2015_09_04_01_30_bci_t.csv,0.0
2015_09_04_01_35_bci_t.csv,0.0
2015_09_04_01_40_bci_t.csv,0.0
2015_09_04_01_45_bci_t.csv,0.0
2015_09_04_01_50_bci_t.csv,0.0
2015_09_04_01_55_bci_t.csv,0.0
2015_09_04_02_00_bci_t.csv,0.0
2015_09_04_02_05_bci_t.csv,0.0
2015_09_04_02_10_bci_t.csv,0.0
2015_09_04_02_15_bci_t.csv,0.0
2015_09_04_02_20_bci_t.csv,0.0
2015_09_04_02_25_bci_t.csv,0.0
2015_09_04_02_30_bci_t.csv,0.0
2015_09_04_02_35_bci_t.csv,0.0
2015_09_04_02_40_bci_t.csv,0.0
2015_09_04_02_45_bci_t.csv,0.0
2015_09_04_02_50_bci_t.csv,0.0
2015_09_04_02_55_bci_t.csv,0.0
2015_09_04_03_00_bci_t.csv,0.0
2015_09_04_03_05_bci_t.csv,0.0
2015_09_04_03_10_bci_t.csv,0.0
2015_09_04_03_15_bci_t.csv,0.0
2015_09_04_03_20_bci_t.csv,0.0
2015_09_04_03_25_bci_t.csv,0.0
2015_09_04_03_30_bci_t.csv,0.0
2015_09_04_03_35_bci_t.csv,0.0
2015_09_04_03_40_bci_t.csv,0.0
2015_09_04_03_45_bci_t.csv,0.0
2015_09_04_03_50_bci_t.csv,0.0
2015_09_04_03_55_bci_t.csv,0.0
2015_09_04_04_00_bci_t.csv,0.0
2015_09_04_04_05_bci_t.csv,0.0
2015_09_04_04_10_bci_t.csv,0.0
2015_09_04_04_15_bci_t.csv,0.0
2015_09_04_04_20_bci_t.csv,0.0
2015_09_04_04_25_bci_t.csv,0.0
2015_09_04_04_30_bci_t.csv,0.0
2015_09_04_04_35_bci_t.csv,0.0
2015_09_04_04_40_bci_t.csv,0.0
2015_09_04_04_45_bci_t.csv,0.0
2015_09_04_04_50_bci_t.csv,0.0
2015_09_04_04_55_bci_t.csv,0.0
2015_09_04_05_00_bci_t.csv,0.0
2015_09_04_05_05_bci_t.csv,0.0
2015_09_04_05_10_bci_t.csv,0.0
2015_09_04_05_15_bci_t.csv,0.0
2015_09_04_05_20_bci_t.csv,0.0
2015_09_04_05_25_bci_t.csv,0.0
2015_09_04_05_30_bci_t.csv,0.0
2015_09_04_05_35_bci_t.csv,0.0
2015_09_04_05_40_bci_t.csv,0.0
2015_09_04_05_45_bci_t.csv,0.0
2015_09_04_05_50_bci_t.csv,0.0
2015_09_04_05_55_bci_t.csv,0.0
2015_09_04_06_00_bci_t.csv,0.0
2015_09_04_06_05_bci_t.csv,0.0
2015_09_04_06_10_bci_t.csv,0.0
2015_09_04_06_15_bci_t.csv,0.0
2015_09_04_06_20_bci_t.csv,0.0
2015_09_04_06_25_bci_t.csv,0.0
2015_09_04_06_30_bci_t.csv,0.0
2015_09_04_06_35_bci_t.csv,0.0
2015_09_04_06_40_bci_t.csv,0.0
2015_09_04_06_45_bci_t.csv,0.0
2015_09_04_06_50_bci_t.csv,0.0
2015_09_04_06_55_bci_t.csv,0.0
2015_09_04_07_00_bci_t.csv,0.0
2015_09_04_07_05_bci_t.csv,0.0
2015_09_04_07_10_bci_t.csv,0.0
2015_09_04_07_15_bci_t.csv,0.0
2015_09_04_07_20_bci_t.csv,0.0
2015_09_04_07_25_bci_t.csv,0.0
2015_09_04_07_30_bci_t.csv,0.0
2015_09_04_07_35_bci_t.csv,1.1773847581666665
2015_09_04_07_40_bci_t.csv,2.354769516333333
2015_09_04_07_45_bci_t.csv,3.5321542745
2015_09_04_07_50_bci_t.csv,4.709539032666666
2015_09_04_07_55_bci_t.csv,5.8869237908333325
2015_09_04_08_00_bci_t.csv,7.064308549
2015_09_04_08_05_bci_t.csv,10.668322930833334
2015_09_04_08_10_bci_t.csv,14.272337312666668
2015_09_04_08_15_bci_t.csv,17.876351694500002
2015_09_04_08_20_bci_t.csv,21.480366076333336
2015_09_04_08_25_bci_t.csv,25.08438045816667
2015_09_04_08_30_bci_t.csv,28.68839484
2015_09_04_08_35_bci_t.csv,24.531102613
2015_09_04_08_40_bci_t.csv,20.373810386000002
2015_09_04_08_45_bci_t.csv,16.216518159000003
2015_09_04_08_50_bci_t.csv,12.059225932000004
2015_09_04_08_55_bci_t.csv,7.901933705000004
2015_09_04_09_00_bci_t.csv,3.744641478
2015_09_04_09_05_bci_t.csv,4.091590256666667
2015_09_04_09_10_bci_t.csv,4.438539035333333
2015_09_04_09_15_bci_t.csv,4.785487814
2015_09_04_09_20_bci_t.csv,5.132436592666666
2015_09_04_09_25_bci_t.csv,5.479385371333333
2015_09_04_09_30_bci_t.csv,5.82633415
2015_09_04_09_35_bci_t.csv,8.349084173333333
2015_09_04_09_40_bci_t.csv,10.871834196666667
2015_09_04_09_45_bci_t.csv,13.39458422
2015_09_04_09_50_bci_t.csv,15.917334243333334
2015_09_04_09_55_bci_t.csv,18.440084266666666
2015_09_04_10_00_bci_t.csv,20.96283429
2015_09_04_10_05_bci_t.csv,20.83566245833333
2015_09_04_10_10_bci_t.csv,20.708490626666666
2015_09_04_10_15_bci_t.csv,20.581318795
2015_09_04_10_20_bci_t.csv,20.454146963333336
2015_09_04_10_25_bci_t.csv,20.32697513166667
2015_09_04_10_30_bci_t.csv,20.1998033
2015_09_04_10_35_bci_t.csv,21.381148848333332
2015_09_04_10_40_bci_t.csv,22.562494396666665
2015_09_04_10_45_bci_t.csv,23.743839944999998
2015_09_04_10_50_bci_t.csv,24.92518549333333
2015_09_04_10_55_bci_t.csv,26.106531041666663
2015_09_04_11_00_bci_t.csv,27.28787659
2015_09_04_11_05_bci_t.csv,27.010474023333334
2015_09_04_11_10_bci_t.csv,26.733071456666668
2015_09_04_11_15_bci_t.csv,26.455668890000002
2015_09_04_11_20_bci_t.csv,26.178266323333336
2015_09_04_11_25_bci_t.csv,25.90086375666667
2015_09_04_11_30_bci_t.csv,25.62346119
2015_09_04_11_35_bci_t.csv,28.078231445
2015_09_04_11_40_bci_t.csv,30.5330017
2015_09_04_11_45_bci_t.csv,32.987771955
2015_09_04_11_50_bci_t.csv,35.44254221
2015_09_04_11_55_bci_t.csv,37.897312465
2015_09_04_12_00_bci_t.csv,40.35208272
2015_09_04_12_05_bci_t.csv,38.24546720666667
2015_09_04_12_10_bci_t.csv,36.138851693333336
2015_09_04_12_15_bci_t.csv,34.032236180000005
2015_09_04_12_20_bci_t.csv,31.925620666666674
2015_09_04_12_25_bci_t.csv,29.819005153333343
2015_09_04_12_30_bci_t.csv,27.71238964
2015_09_04_12_35_bci_t.csv,25.536461505000002
2015_09_04_12_40_bci_t.csv,23.360533370000002
2015_09_04_12_45_bci_t.csv,21.184605235000003
2015_09_04_12_50_bci_t.csv,19.008677100000003
2015_09_04_12_55_bci_t.csv,16.832748965000004
2015_09_04_13_00_bci_t.csv,14.65682083
2015_09_04_13_05_bci_t.csv,14.818710923333333
2015_09_04_13_10_bci_t.csv,14.980601016666666
2015_09_04_13_15_bci_t.csv,15.14249111
2015_09_04_13_20_bci_t.csv,15.304381203333334
2015_09_04_13_25_bci_t.csv,15.466271296666667
2015_09_04_13_30_bci_t.csv,15.62816139
2015_09_04_13_35_bci_t.csv,16.333448931666666
2015_09_04_13_40_bci_t.csv,17.038736473333334
2015_09_04_13_45_bci_t.csv,17.744024015
2015_09_04_13_50_bci_t.csv,18.449311556666668
2015_09_04_13_55_bci_t.csv,19.154599098333335
2015_09_04_14_00_bci_t.csv,19.85988664
2015_09_04_14_05_bci_t.csv,20.442204166666667
2015_09_04_14_10_bci_t.csv,21.024521693333334
2015_09_04_14_15_bci_t.csv,21.60683922
2015_09_04_14_20_bci_t.csv,22.18915674666667
2015_09_04_14_25_bci_t.csv,22.771474273333336
2015_09_04_14_30_bci_t.csv,23.3537918
2015_09_04_14_35_bci_t.csv,23.765198895
2015_09_04_14_40_bci_t.csv,24.176605990000002
2015_09_04_14_45_bci_t.csv,24.588013085000004
2015_09_04_14_50_bci_t.csv,24.999420180000005
2015_09_04_14_55_bci_t.csv,25.410827275000006
2015_09_04_15_00_bci_t.csv,25.82223437
2015_09_04_15_05_bci_t.csv,25.198309148333333
2015_09_04_15_10_bci_t.csv,24.574383926666666
2015_09_04_15_15_bci_t.csv,23.950458705
2015_09_04_15_20_bci_t.csv,23.326533483333332
2015_09_04_15_25_bci_t.csv,22.702608261666665
2015_09_04_15_30_bci_t.csv,22.07868304
2015_09_04_15_35_bci_t.csv,21.286088451666668
2015_09_04_15_40_bci_t.csv,20.493493863333335
2015_09_04_15_45_bci_t.csv,19.700899275
2015_09_04_15_50_bci_t.csv,18.908304686666668
2015_09_04_15_55_bci_t.csv,18.115710098333334
2015_09_04_16_00_bci_t.csv,17.32311551
2015_09_04_16_05_bci_t.csv,17.559321371666666
2015_09_04_16_10_bci_t.csv,17.79552723333333
2015_09_04_16_15_bci_t.csv,18.031733094999996
2015_09_04_16_20_bci_t.csv,18.26793895666666
2015_09_04_16_25_bci_t.csv,18.504144818333327
2015_09_04_16_30_bci_t.csv,18.74035068
2015_09_04_16_35_bci_t.csv,16.841342365166668
2015_09_04_16_40_bci_t.csv,14.942334050333335
2015_09_04_16_45_bci_t.csv,13.043325735500002
2015_09_04_16_50_bci_t.csv,11.144317420666669
2015_09_04_16_55_bci_t.csv,9.245309105833336
2015_09_04_17_00_bci_t.csv,7.346300791
2015_09_04_17_05_bci_t.csv,6.663524271
2015_09_04_17_10_bci_t.csv,5.980747751
2015_09_04_17_15_bci_t.csv,5.297971231
2015_09_04_17_20_bci_t.csv,4.615194711
2015_09_04_17_25_bci_t.csv,3.932418191
2015_09_04_17_30_bci_t.csv,3.2496416710000005
2015_09_04_17_35_bci_t.csv,2.7080347258333335
2015_09_04_17_40_bci_t.csv,2.166427780666667
2015_09_04_17_45_bci_t.csv,1.6248208355000002
2015_09_04_17_50_bci_t.csv,1.0832138903333335
2015_09_04_17_55_bci_t.csv,0.5416069451666667
2015_09_04_18_00_bci_t.csv,0.0
2015_09_04_18_05_bci_t.csv,0.0
2015_09_04_18_10_bci_t.csv,0.0
2015_09_04_18_15_bci_t.csv,0.0
2015_09_04_18_20_bci_t.csv,0.0
2015_09_04_18_25_bci_t.csv,0.0
2015_09_04_18_30_bci_t.csv,0.0
2015_09_04_18_35_bci_t.csv,0.0
2015_09_04_18_40_bci_t.csv,0.0
2015_09_04_18_45_bci_t.csv,0.0
2015_09_04_18_50_bci_t.csv,0.0
2015_09_04_18_55_bci_t.csv,0.0
2015_09_04_19_00_bci_t.csv,0.0
2015_09_04_19_05_bci_t.csv,0.0
2015_09_04_19_10_bci_t.csv,0.0
2015_09_04_19_15_bci_t.csv,0.0
2015_09_04_19_20_bci_t.csv,0.0
2015_09_04_19_25_bci_t.csv,0.0
2015_09_04_19_30_bci_t.csv,0.0
2015_09_04_19_35_bci_t.csv,0.0
2015_09_04_19_40_bci_t.csv,0.0
2015_09_04_19_45_bci_t.csv,0.0
2015_09_04_19_50_bci_t.csv,0.0
2015_09_04_19_55_bci_t.csv,0.0
2015_09_04_20_00_bci_t.csv,0.0
2015_09_04_20_05_bci_t.csv,0.0
2015_09_04_20_10_bci_t.csv,0.0
2015_09_04_20_15_bci_t.csv,0.0
2015_09_04_20_20_bci_t.csv,0.0
2015_09_04_20_25_bci_t.csv,0.0
2015_09_04_20_30_bci_t.csv,0.0
2015_09_04_20_35_bci_t.csv,0.0
2015_09_04_20_40_bci_t.csv,0.0
2015_09_04_20_45_bci_t.csv,0.0
2015_09_04_20_50_bci_t.csv,0.0
2015_09_04_20_55_bci_t.csv,0.0
2015_09_04_21_00_bci_t.csv,0.0
2015_09_04_21_05_bci_t.csv,0.0
2015_09_04_21_10_bci_t.csv,0.0
2015_09_04_21_15_bci_t.csv,0.0
2015_09_04_21_20_bci_t.csv,0.0
2015_09_04_21_25_bci_t.csv,0.0
2015_09_04_21_30_bci_t.csv,0.0
2015_09_04_21_35_bci_t.csv,0.0
2015_09_04_21_40_bci_t.csv,0.0
2015_09_04_21_45_bci_t.csv,0.0
2015_09_04_21_50_bci_t.csv,0.0
2015_09_04_21_55_bci_t.csv,0.0
2015_09_04_22_00_bci_t.csv,0.0
2015_09_04_22_05_bci_t.csv,0.0
2015_09_04_22_10_bci_t.csv,0.0
2015_09_04_22_15_bci_t.csv,0.0
2015_09_04_22_20_bci_t.csv,0.0
2015_09_04_22_25_bci_t.csv,0.0
2015_09_04_22_30_bci_t.csv,0.0
2015_09_04_22_35_bci_t.csv,0.0
2015_09_04_22_40_bci_t.csv,0.0
2015_09_04_22_45_bci_t.csv,0.0
2015_09_04_22_50_bci_t.csv,0.0
2015_09_04_22_55_bci_t.csv,0.0
2015_09_04_23_00_bci_t.csv,0.0
2015_09_04_23_05_bci_t.csv,0.0
2015_09_04_23_10_bci_t.csv,0.0
2015_09_04_23_15_bci_t.csv,0.0
2015_09_04_23_20_bci_t.csv,0.0
2015_09_04_23_25_bci_t.csv,0.0
2015_09_04_23_30_bci_t.csv,0.0
2015_09_04_23_35_bci_t.csv,0.0
2015_09_04_23_40_bci_t.csv,0.0
2015_09_04_23_45_bci_t.csv,0.0
2015_09_04_23_50_bci_t.csv,0.0
2015_09_04_23_55_bci_t.csv,0.0
2015_09_05_00_00_bci_t.csv,0.0
2015_09_05_00_05_bci_t.csv,0.0
2015_09_05_00_10_bci_t.csv,0.0
2015_09_05_00_15_bci_t.csv,0.0
2015_09_05_00_20_bci_t.csv,0.0
2015_09_05_00_25_bci_t.csv,0.0
2015_09_05_00_30_bci_t.csv,0.0
2015_09_05_00_35_bci_t.csv,0.0
2015_09_05_00_40_bci_t.csv,0.0
2015_09_05_00_45_bci_t.csv,0.0
2015_09_05_00_50_bci_t.csv,0.0
2015_09_05_00_55_bci_t.csv,0.0
2015_09_05_01_00_bci_t.csv,0.0
2015_09_05_01_05_bci_t.csv,0.0
2015_09_05_01_10_bci_t.csv,0.0
2015_09_05_01_15_bci_t.csv,0.0
2015_09_05_01_20_bci_t.csv,0.0
2015_09_05_01_25_bci_t.csv,0.0
2015_09_05_01_30_bci_t.csv,0.0
2015_09_05_01_35_bci_t.csv,0.0
2015_09_05_01_40_bci_t.csv,0.0
2015_09_05_01_45_bci_t.csv,0.0
2015_09_05_01_50_bci_t.csv,0.0
2015_09_05_01_55_bci_t.csv,0.0
2015_09_05_02_00_bci_t.csv,0.0
2015_09_05_02_05_bci_t.csv,0.0
2015_09_05_02_10_bci_t.csv,0.0
2015_09_05_02_15_bci_t.csv,0.0
2015_09_05_02_20_bci_t.csv,0.0
2015_09_05_02_25_bci_t.csv,0.0
2015_09_05_02_30_bci_t.csv,0.0
2015_09_05_02_35_bci_t.csv,0.0
2015_09_05_02_40_bci_t.csv,0.0
2015_09_05_02_45_bci_t.csv,0.0
2015_09_05_02_50_bci_t.csv,0.0
2015_09_05_02_55_bci_t.csv,0.0
2015_09_05_03_00_bci_t.csv,0.0
2015_09_05_03_05_bci_t.csv,0.0
2015_09_05_03_10_bci_t.csv,0.0
2015_09_05_03_15_bci_t.csv,0.0
2015_09_05_03_20_bci_t.csv,0.0
2015_09_05_03_25_bci_t.csv,0.0
2015_09_05_03_30_bci_t.csv,0.0
2015_09_05_03_35_bci_t.csv,0.0
2015_09_05_03_40_bci_t.csv,0.0
2015_09_05_03_45_bci_t.csv,0.0
2015_09_05_03_50_bci_t.csv,0.0
2015_09_05_03_55_bci_t.csv,0.0
2015_09_05_04_00_bci_t.csv,0.0
2015_09_05_04_05_bci_t.csv,0.0
2015_09_05_04_10_bci_t.csv,0.0
2015_09_05_04_15_bci_t.csv,0.0
2015_09_05_04_20_bci_t.csv,0.0
2015_09_05_04_25_bci_t.csv,0.0
2015_09_05_04_30_bci_t.csv,0.0
2015_09_05_04_35_bci_t.csv,0.0
2015_09_05_04_40_bci_t.csv,0.0
2015_09_05_04_45_bci_t.csv,0.0
2015_09_05_04_50_bci_t.csv,0.0
2015_09_05_04_55_bci_t.csv,0.0
2015_09_05_05_00_bci_t.csv,0.0
2015_09_05_05_05_bci_t.csv,0.0
2015_09_05_05_10_bci_t.csv,0.0
2015_09_05_05_15_bci_t.csv,0.0
2015_09_05_05_20_bci_t.csv,0.0
2015_09_05_05_25_bci_t.csv,0.0
2015_09_05_05_30_bci_t.csv,0.0
2015_09_05_05_35_bci_t.csv,0.0
2015_09_05_05_40_bci_t.csv,0.0
2015_09_05_05_45_bci_t.csv,0.0
2015_09_05_05_50_bci_t.csv,0.0
2015_09_05_05_55_bci_t.csv,0.0
2015_09_05_06_00_bci_t.csv,0.0
2015_09_05_06_05_bci_t.csv,0.0
2015_09_05_06_10_bci_t.csv,0.0
2015_09_05_06_15_bci_t.csv,0.0
2015_09_05_06_20_bci_t.csv,0.0
2015_09_05_06_25_bci_t.csv,0.0
2015_09_05_06_30_bci_t.csv,0.0
2015_09_05_06_35_bci_t.csv,0.0
2015_09_05_06_40_bci_t.csv,0.0
2015_09_05_06_45_bci_t.csv,0.0
2015_09_05_06_50_bci_t.csv,0.0
2015_09_05_06_55_bci_t.csv,0.0
2015_09_05_07_00_bci_t.csv,0.0
2015_09_05_07_05_bci_t.csv,0.17972598733333334
2015_09_05_07_10_bci_t.csv,0.3594519746666667
2015_09_05_07_15_bci_t.csv,0.539177962
2015_09_05_07_20_bci_t.csv,0.7189039493333333
2015_09_05_07_25_bci_t.csv,0.8986299366666667
2015_09_05_07_30_bci_t.csv,1.078355924
2015_09_05_07_35_bci_t.csv,1.0731587475
2015_09_05_07_40_bci_t.csv,1.0679615709999999
2015_09_05_07_45_bci_t.csv,1.0627643944999998
2015_09_05_07_50_bci_t.csv,1.0575672179999998
2015_09_05_07_55_bci_t.csv,1.0523700414999997
2015_09_05_08_00_bci_t.csv,1.047172865
2015_09_05_08_05_bci_t.csv,1.7097062911666667
2015_09_05_08_10_bci_t.csv,2.3722397173333336
2015_09_05_08_15_bci_t.csv,3.0347731435000003
2015_09_05_08_20_bci_t.csv,3.697306569666667
2015_09_05_08_25_bci_t.csv,4.359839995833333
2015_09_05_08_30_bci_t.csv,5.022373422
2015_09_05_08_35_bci_t.csv,6.415398783333334
2015_09_05_08_40_bci_t.csv,7.808424144666668
2015_09_05_08_45_bci_t.csv,9.201449506000001
2015_09_05_08_50_bci_t.csv,10.594474867333334
2015_09_05_08_55_bci_t.csv,11.987500228666667
2015_09_05_09_00_bci_t.csv,13.38052559
2015_09_05_09_05_bci_t.csv,14.525508195
2015_09_05_09_10_bci_t.csv,15.6704908
2015_09_05_09_15_bci_t.csv,16.815473405
2015_09_05_09_20_bci_t.csv,17.960456009999998
2015_09_05_09_25_bci_t.csv,19.105438614999997
2015_09_05_09_30_bci_t.csv,20.25042122
2015_09_05_09_35_bci_t.csv,22.306855845
2015_09_05_09_40_bci_t.csv,24.363290470000003
2015_09_05_09_45_bci_t.csv,26.419725095000004
2015_09_05_09_50_bci_t.csv,28.476159720000005
2015_09_05_09_55_bci_t.csv,30.532594345000007
2015_09_05_10_00_bci_t.csv,32.58902897
2015_09_05_10_05_bci_t.csv,32.17158838
2015_09_05_10_10_bci_t.csv,31.754147790000005
2015_09_05_10_15_bci_t.csv,31.336707200000006
2015_09_05_10_20_bci_t.csv,30.919266610000008
2015_09_05_10_25_bci_t.csv,30.50182602000001
2015_09_05_10_30_bci_t.csv,30.08438543
2015_09_05_10_35_bci_t.csv,29.860560595000003
2015_09_05_10_40_bci_t.csv,29.63673576
2015_09_05_10_45_bci_t.csv,29.412910925
2015_09_05_10_50_bci_t.csv,29.189086089999996
2015_09_05_10_55_bci_t.csv,28.965261254999994
2015_09_05_11_00_bci_t.csv,28.74143642
2015_09_05_11_05_bci_t.csv,29.522741013333334
2015_09_05_11_10_bci_t.csv,30.30404560666667
2015_09_05_11_15_bci_t.csv,31.085350200000004
2015_09_05_11_20_bci_t.csv,31.86665479333334
2015_09_05_11_25_bci_t.csv,32.64795938666667
2015_09_05_11_30_bci_t.csv,33.42926398
2015_09_05_11_35_bci_t.csv,34.12888773666667
2015_09_05_11_40_bci_t.csv,34.82851149333334
2015_09_05_11_45_bci_t.csv,35.528135250000005
2015_09_05_11_50_bci_t.csv,36.22775900666667
2015_09_05_11_55_bci_t.csv,36.92738276333334
2015_09_05_12_00_bci_t.csv,37.62700652
2015_09_05_12_05_bci_t.csv,36.23949104333334
2015_09_05_12_10_bci_t.csv,34.851975566666674
2015_09_05_12_15_bci_t.csv,33.46446009000001
2015_09_05_12_20_bci_t.csv,32.076944613333346
2015_09_05_12_25_bci_t.csv,30.68942913666668
2015_09_05_12_30_bci_t.csv,29.30191366
2015_09_05_12_35_bci_t.csv,29.948825408333335
2015_09_05_12_40_bci_t.csv,30.59573715666667
2015_09_05_12_45_bci_t.csv,31.242648905000003
2015_09_05_12_50_bci_t.csv,31.889560653333337
2015_09_05_12_55_bci_t.csv,32.53647240166667
2015_09_05_13_00_bci_t.csv,33.18338415
2015_09_05_13_05_bci_t.csv,32.160027785000004
2015_09_05_13_10_bci_t.csv,31.136671420000003
2015_09_05_13_15_bci_t.csv,30.113315055
2015_09_05_13_20_bci_t.csv,29.08995869
2015_09_05_13_25_bci_t.csv,28.066602324999998
2015_09_05_13_30_bci_t.csv,27.04324596
2015_09_05_13_35_bci_t.csv,23.677445873
2015_09_05_13_40_bci_t.csv,20.311645786
2015_09_05_13_45_bci_t.csv,16.945845699
2015_09_05_13_50_bci_t.csv,13.580045612
2015_09_05_13_55_bci_t.csv,10.214245524999999
2015_09_05_14_00_bci_t.csv,6.848445438
2015_09_05_14_05_bci_t.csv,10.949829248333334
2015_09_05_14_10_bci_t.csv,15.051213058666669
2015_09_05_14_15_bci_t.csv,19.152596869000003
2015_09_05_14_20_bci_t.csv,23.25398067933334
2015_09_05_14_25_bci_t.csv,27.355364489666673
2015_09_05_14_30_bci_t.csv,31.4567483
2015_09_05_14_35_bci_t.csv,26.88099395416667
2015_09_05_14_40_bci_t.csv,22.305239608333338
2015_09_05_14_45_bci_t.csv,17.729485262500006
2015_09_05_14_50_bci_t.csv,13.153730916666673
2015_09_05_14_55_bci_t.csv,8.57797657083334
2015_09_05_15_00_bci_t.csv,4.002222225
2015_09_05_15_05_bci_t.csv,4.094838097999999
2015_09_05_15_10_bci_t.csv,4.187453970999999
2015_09_05_15_15_bci_t.csv,4.280069843999999
2015_09_05_15_20_bci_t.csv,4.372685716999999
2015_09_05_15_25_bci_t.csv,4.465301589999998
2015_09_05_15_30_bci_t.csv,4.557917463
2015_09_05_15_35_bci_t.csv,3.903732066
2015_09_05_15_40_bci_t.csv,3.249546669
2015_09_05_15_45_bci_t.csv,2.595361272
2015_09_05_15_50_bci_t.csv,1.9411758749999999
2015_09_05_15_55_bci_t.csv,1.2869904779999999
2015_09_05_16_00_bci_t.csv,0.632805081
2015_09_05_16_05_bci_t.csv,0.5558791268333333
2015_09_05_16_10_bci_t.csv,0.47895317266666665
2015_09_05_16_15_bci_t.csv,0.4020272185
2015_09_05_16_20_bci_t.csv,0.32510126433333336
2015_09_05_16_25_bci_t.csv,0.24817531016666672
2015_09_05_16_30_bci_t.csv,0.17124935600000002
2015_09_05_16_35_bci_t.csv,0.1427077966666667
2015_09_05_16_40_bci_t.csv,0.11416623733333335
2015_09_05_16_45_bci_t.csv,0.08562467800000001
2015_09_05_16_50_bci_t.csv,0.05708311866666667
2015_09_05_16_55_bci_t.csv,0.02854155933333333
2015_09_05_17_00_bci_t.csv,0.0
2015_09_05_17_05_bci_t.csv,0.0
2015_09_05_17_10_bci_t.csv,0.0
2015_09_05_17_15_bci_t.csv,0.0
2015_09_05_17_20_bci_t.csv,0.0
2015_09_05_17_25_bci_t.csv,0.0
2015_09_05_17_30_bci_t.csv,0.0
2015_09_05_17_35_bci_t.csv,0.0
2015_09_05_17_40_bci_t.csv,0.0
2015_09_05_17_45_bci_t.csv,0.0
2015_09_05_17_50_bci_t.csv,0.0
2015_09_05_17_55_bci_t.csv,0.0
2015_09_05_18_00_bci_t.csv,0.0
2015_09_05_18_05_bci_t.csv,0.0
2015_09_05_18_10_bci_t.csv,0.0
2015_09_05_18_15_bci_t.csv,0.0
2015_09_05_18_20_bci_t.csv,0.0
2015_09_05_18_25_bci_t.csv,0.0
2015_09_05_18_30_bci_t.csv,0.0
2015_09_05_18_35_bci_t.csv,0.0
2015_09_05_18_40_bci_t.csv,0.0
2015_09_05_18_45_bci_t.csv,0.0
2015_09_05_18_50_bci_t.csv,0.0
2015_09_05_18_55_bci_t.csv,0.0
2015_09_05_19_00_bci_t.csv,0.0
2015_09_05_19_05_bci_t.csv,0.0
2015_09_05_19_10_bci_t.csv,0.0
2015_09_05_19_15_bci_t.csv,0.0
2015_09_05_19_20_bci_t.csv,0.0
2015_09_05_19_25_bci_t.csv,0.0
2015_09_05_19_30_bci_t.csv,0.0
2015_09_05_19_35_bci_t.csv,0.0
2015_09_05_19_40_bci_t.csv,0.0
2015_09_05_19_45_bci_t.csv,0.0
2015_09_05_19_50_bci_t.csv,0.0
2015_09_05_19_55_bci_t.csv,0.0
2015_09_05_20_00_bci_t.csv,0.0
2015_09_05_20_05_bci_t.csv,0.0
2015_09_05_20_10_bci_t.csv,0.0
2015_09_05_20_15_bci_t.csv,0.0
2015_09_05_20_20_bci_t.csv,0.0
2015_09_05_20_25_bci_t.csv,0.0
2015_09_05_20_30_bci_t.csv,0.0
2015_09_05_20_35_bci_t.csv,0.0
2015_09_05_20_40_bci_t.csv,0.0
2015_09_05_20_45_bci_t.csv,0.0
2015_09_05_20_50_bci_t.csv,0.0
2015_09_05_20_55_bci_t.csv,0.0
2015_09_05_21_00_bci_t.csv,0.0
2015_09_05_21_05_bci_t.csv,0.0
2015_09_05_21_10_bci_t.csv,0.0
2015_09_05_21_15_bci_t.csv,0.0
2015_09_05_21_20_bci_t.csv,0.0
2015_09_05_21_25_bci_t.csv,0.0
2015_09_05_21_30_bci_t.csv,0.0
2015_09_05_21_35_bci_t.csv,0.0
2015_09_05_21_40_bci_t.csv,0.0
2015_09_05_21_45_bci_t.csv,0.0
2015_09_05_21_50_bci_t.csv,0.0
2015_09_05_21_55_bci_t.csv,0.0
2015_09_05_22_00_bci_t.csv,0.0
2015_09_05_22_05_bci_t.csv,0.0
2015_09_05_22_10_bci_t.csv,0.0
2015_09_05_22_15_bci_t.csv,0.0
2015_09_05_22_20_bci_t.csv,0.0
2015_09_05_22_25_bci_t.csv,0.0
2015_09_05_22_30_bci_t.csv,0.0
2015_09_05_22_35_bci_t.csv,0.0
2015_09_05_22_40_bci_t.csv,0.0
2015_09_05_22_45_bci_t.csv,0.0
2015_09_05_22_50_bci_t.csv,0.0
2015_09_05_22_55_bci_t.csv,0.0
2015_09_05_23_00_bci_t.csv,0.0
2015_09_05_23_05_bci_t.csv,0.0
2015_09_05_23_10_bci_t.csv,0.0
2015_09_05_23_15_bci_t.csv,0.0
2015_09_05_23_20_bci_t.csv,0.0
2015_09_05_23_25_bci_t.csv,0.0
2015_09_05_23_30_bci_t.csv,0.0
2015_09_05_23_35_bci_t.csv,0.0
2015_09_05_23_40_bci_t.csv,0.0
2015_09_05_23_45_bci_t.csv,0.0
2015_09_05_23_50_bci_t.csv,0.0
2015_09_05_23_55_bci_t.csv,0.0
2015_09_06_00_00_bci_t.csv,0.0
2015_09_06_00_05_bci_t.csv,0.0
2015_09_06_00_10_bci_t.csv,0.0
2015_09_06_00_15_bci_t.csv,0.0
2015_09_06_00_20_bci_t.csv,0.0
2015_09_06_00_25_bci_t.csv,0.0
2015_09_06_00_30_bci_t.csv,0.0
2015_09_06_00_35_bci_t.csv,0.0
2015_09_06_00_40_bci_t.csv,0.0
2015_09_06_00_45_bci_t.csv,0.0
2015_09_06_00_50_bci_t.csv,0.0
2015_09_06_00_55_bci_t.csv,0.0
2015_09_06_01_00_bci_t.csv,0.0
2015_09_06_01_05_bci_t.csv,0.0
2015_09_06_01_10_bci_t.csv,0.0
2015_09_06_01_15_bci_t.csv,0.0
2015_09_06_01_20_bci_t.csv,0.0
2015_09_06_01_25_bci_t.csv,0.0
2015_09_06_01_30_bci_t.csv,0.0
2015_09_06_01_35_bci_t.csv,0.0
2015_09_06_01_40_bci_t.csv,0.0
2015_09_06_01_45_bci_t.csv,0.0
2015_09_06_01_50_bci_t.csv,0.0
2015_09_06_01_55_bci_t.csv,0.0
2015_09_06_02_00_bci_t.csv,0.0
2015_09_06_02_05_bci_t.csv,0.0
2015_09_06_02_10_bci_t.csv,0.0
2015_09_06_02_15_bci_t.csv,0.0
2015_09_06_02_20_bci_t.csv,0.0
2015_09_06_02_25_bci_t.csv,0.0
2015_09_06_02_30_bci_t.csv,0.0
2015_09_06_02_35_bci_t.csv,0.0
2015_09_06_02_40_bci_t.csv,0.0
2015_09_06_02_45_bci_t.csv,0.0
2015_09_06_02_50_bci_t.csv,0.0
2015_09_06_02_55_bci_t.csv,0.0
2015_09_06_03_00_bci_t.csv,0.0
2015_09_06_03_05_bci_t.csv,0.0
2015_09_06_03_10_bci_t.csv,0.0
2015_09_06_03_15_bci_t.csv,0.0
2015_09_06_03_20_bci_t.csv,0.0
2015_09_06_03_25_bci_t.csv,0.0
2015_09_06_03_30_bci_t.csv,0.0
2015_09_06_03_35_bci_t.csv,0.0
2015_09_06_03_40_bci_t.csv,0.0
2015_09_06_03_45_bci_t.csv,0.0
2015_09_06_03_50_bci_t.csv,0.0
2015_09_06_03_55_bci_t.csv,0.0
2015_09_06_04_00_bci_t.csv,0.0
2015_09_06_04_05_bci_t.csv,0.0
2015_09_06_04_10_bci_t.csv,0.0
2015_09_06_04_15_bci_t.csv,0.0
2015_09_06_04_20_bci_t.csv,0.0
2015_09_06_04_25_bci_t.csv,0.0
2015_09_06_04_30_bci_t.csv,0.0
2015_09_06_04_35_bci_t.csv,0.0
2015_09_06_04_40_bci_t.csv,0.0
2015_09_06_04_45_bci_t.csv,0.0
2015_09_06_04_50_bci_t.csv,0.0
2015_09_06_04_55_bci_t.csv,0.0
2015_09_06_05_00_bci_t.csv,0.0
2015_09_06_05_05_bci_t.csv,0.0
2015_09_06_05_10_bci_t.csv,0.0
2015_09_06_05_15_bci_t.csv,0.0
2015_09_06_05_20_bci_t.csv,0.0
2015_09_06_05_25_bci_t.csv,0.0
2015_09_06_05_30_bci_t.csv,0.0
2015_09_06_05_35_bci_t.csv,0.0
2015_09_06_05_40_bci_t.csv,0.0
2015_09_06_05_45_bci_t.csv,0.0
2015_09_06_05_50_bci_t.csv,0.0
2015_09_06_05_55_bci_t.csv,0.0
2015_09_06_06_00_bci_t.csv,0.0
2015_09_06_06_05_bci_t.csv,0.0
2015_09_06_06_10_bci_t.csv,0.0
2015_09_06_06_15_bci_t.csv,0.0
2015_09_06_06_20_bci_t.csv,0.0
2015_09_06_06_25_bci_t.csv,0.0
2015_09_06_06_30_bci_t.csv,0.0
2015_09_06_06_35_bci_t.csv,0.04909933166666666
2015_09_06_06_40_bci_t.csv,0.09819866333333332
2015_09_06_06_45_bci_t.csv,0.147297995
2015_09_06_06_50_bci_t.csv,0.19639732666666665
2015_09_06_06_55_bci_t.csv,0.2454966583333333
2015_09_06_07_00_bci_t.csv,0.29459599
2015_09_06_07_05_bci_t.csv,0.8215152649999999
2015_09_06_07_10_bci_t.csv,1.34843454
2015_09_06_07_15_bci_t.csv,1.875353815
2015_09_06_07_20_bci_t.csv,2.40227309
2015_09_06_07_25_bci_t.csv,2.929192365
2015_09_06_07_30_bci_t.csv,3.45611164
2015_09_06_07_35_bci_t.csv,3.998768876833333
2015_09_06_07_40_bci_t.csv,4.541426113666667
2015_09_06_07_45_bci_t.csv,5.0840833505
2015_09_06_07_50_bci_t.csv,5.626740587333334
2015_09_06_07_55_bci_t.csv,6.169397824166667
2015_09_06_08_00_bci_t.csv,6.712055061
2015_09_06_08_05_bci_t.csv,8.484338979166667
2015_09_06_08_10_bci_t.csv,10.256622897333333
2015_09_06_08_15_bci_t.csv,12.0289068155
2015_09_06_08_20_bci_t.csv,13.801190733666665
2015_09_06_08_25_bci_t.csv,15.573474651833331
2015_09_06_08_30_bci_t.csv,17.34575857
2015_09_06_08_35_bci_t.csv,16.917050948333333
2015_09_06_08_40_bci_t.csv,16.488343326666666
2015_09_06_08_45_bci_t.csv,16.059635704999998
2015_09_06_08_50_bci_t.csv,15.63092808333333
2015_09_06_08_55_bci_t.csv,15.202220461666663
2015_09_06_09_00_bci_t.csv,14.77351284
2015_09_06_09_05_bci_t.csv,15.33460638
2015_09_06_09_10_bci_t.csv,15.89569992
2015_09_06_09_15_bci_t.csv,16.45679346
2015_09_06_09_20_bci_t.csv,17.017887
2015_09_06_09_25_bci_t.csv,17.578980540000003
2015_09_06_09_30_bci_t.csv,18.14007408
2015_09_06_09_35_bci_t.csv,18.039646148333333
2015_09_06_09_40_bci_t.csv,17.939218216666667
2015_09_06_09_45_bci_t.csv,17.838790285
2015_09_06_09_50_bci_t.csv,17.738362353333336
2015_09_06_09_55_bci_t.csv,17.63793442166667
2015_09_06_10_00_bci_t.csv,17.53750649
2015_09_06_10_05_bci_t.csv,19.671595071666665
2015_09_06_10_10_bci_t.csv,21.805683653333332
2015_09_06_10_15_bci_t.csv,23.939772235
2015_09_06_10_20_bci_t.csv,26.073860816666667
2015_09_06_10_25_bci_t.csv,28.207949398333334
2015_09_06_10_30_bci_t.csv,30.34203798
2015_09_06_10_35_bci_t.csv,28.919611426666666
2015_09_06_10_40_bci_t.csv,27.49718487333333
2015_09_06_10_45_bci_t.csv,26.074758319999997
2015_09_06_10_50_bci_t.csv,24.652331766666663
2015_09_06_10_55_bci_t.csv,23.22990521333333
2015_09_06_11_00_bci_t.csv,21.80747866
2015_09_06_11_05_bci_t.csv,20.115371526666667
2015_09_06_11_10_bci_t.csv,18.423264393333334
2015_09_06_11_15_bci_t.csv,16.73115726
2015_09_06_11_20_bci_t.csv,15.039050126666666
2015_09_06_11_25_bci_t.csv,13.346942993333332
2015_09_06_11_30_bci_t.csv,11.65483586
2015_09_06_11_35_bci_t.csv,12.417182916666667
2015_09_06_11_40_bci_t.csv,13.179529973333333
2015_09_06_11_45_bci_t.csv,13.941877029999999
2015_09_06_11_50_bci_t.csv,14.704224086666665
2015_09_06_11_55_bci_t.csv,15.466571143333331
2015_09_06_12_00_bci_t.csv,16.2289182
2015_09_06_12_05_bci_t.csv,19.773343399999998
2015_09_06_12_10_bci_t.csv,23.317768599999997
2015_09_06_12_15_bci_t.csv,26.862193799999996
2015_09_06_12_20_bci_t.csv,30.406618999999996
2015_09_06_12_25_bci_t.csv,33.9510442
2015_09_06_12_30_bci_t.csv,37.4954694
2015_09_06_12_35_bci_t.csv,33.21508304333333
2015_09_06_12_40_bci_t.csv,28.934696686666662
2015_09_06_12_45_bci_t.csv,24.654310329999994
2015_09_06_12_50_bci_t.csv,20.373923973333326
2015_09_06_12_55_bci_t.csv,16.09353761666666
2015_09_06_13_00_bci_t.csv,11.81315126
2015_09_06_13_05_bci_t.csv,12.508821128333333
2015_09_06_13_10_bci_t.csv,13.204490996666665
2015_09_06_13_15_bci_t.csv,13.900160864999998
2015_09_06_13_20_bci_t.csv,14.595830733333331
2015_09_06_13_25_bci_t.csv,15.291500601666664
2015_09_06_13_30_bci_t.csv,15.98717047
2015_09_06_13_35_bci_t.csv,18.200053936666666
2015_09_06_13_40_bci_t.csv,20.412937403333334
2015_09_06_13_45_bci_t.csv,22.625820870000002
2015_09_06_13_50_bci_t.csv,24.83870433666667
2015_09_06_13_55_bci_t.csv,27.051587803333337
2015_09_06_14_00_bci_t.csv,29.26447127
2015_09_06_14_05_bci_t.csv,24.827270065333334
2015_09_06_14_10_bci_t.csv,20.390068860666666
2015_09_06_14_15_bci_t.csv,15.952867655999999
2015_09_06_14_20_bci_t.csv,11.515666451333331
2015_09_06_14_25_bci_t.csv,7.078465246666664
2015_09_06_14_30_bci_t.csv,2.641264042
2015_09_06_14_35_bci_t.csv,2.5749695331666667
2015_09_06_14_40_bci_t.csv,2.5086750243333333
2015_09_06_14_45_bci_t.csv,2.4423805155
2015_09_06_14_50_bci_t.csv,2.3760860066666667
2015_09_06_14_55_bci_t.csv,2.3097914978333334
2015_09_06_15_00_bci_t.csv,2.243496989
2015_09_06_15_05_bci_t.csv,1.9564388160000001
2015_09_06_15_10_bci_t.csv,1.6693806430000002
2015_09_06_15_15_bci_t.csv,1.3823224700000003
2015_09_06_15_20_bci_t.csv,1.0952642970000004
2015_09_06_15_25_bci_t.csv,0.8082061240000005
2015_09_06_15_30_bci_t.csv,0.521147951
2015_09_06_15_35_bci_t.csv,0.6463050676666666
2015_09_06_15_40_bci_t.csv,0.7714621843333332
2015_09_06_15_45_bci_t.csv,0.8966193009999999
2015_09_06_15_50_bci_t.csv,1.0217764176666666
2015_09_06_15_55_bci_t.csv,1.1469335343333333
2015_09_06_16_00_bci_t.csv,1.2720906509999999
2015_09_06_16_05_bci_t.csv,1.4741885559999999
2015_09_06_16_10_bci_t.csv,1.676286461
2015_09_06_16_15_bci_t.csv,1.878384366
2015_09_06_16_20_bci_t.csv,2.0804822709999997
2015_09_06_16_25_bci_t.csv,2.2825801759999997
2015_09_06_16_30_bci_t.csv,2.4846780809999998
2015_09_06_16_35_bci_t.csv,2.523613384
2015_09_06_16_40_bci_t.csv,2.562548687
2015_09_06_16_45_bci_t.csv,2.60148399
2015_09_06_16_50_bci_t.csv,2.6404192930000003
2015_09_06_16_55_bci_t.csv,2.6793545960000005
2015_09_06_17_00_bci_t.csv,2.7182898989999997
2015_09_06_17_05_bci_t.csv,2.718690761166666
2015_09_06_17_10_bci_t.csv,2.719091623333333
2015_09_06_17_15_bci_t.csv,2.7194924855
2015_09_06_17_20_bci_t.csv,2.719893347666667
2015_09_06_17_25_bci_t.csv,2.720294209833334
2015_09_06_17_30_bci_t.csv,2.720695072
2015_09_06_17_35_bci_t.csv,2.5604767225
2015_09_06_17_40_bci_t.csv,2.400258373
2015_09_06_17_45_bci_t.csv,2.2400400234999998
2015_09_06_17_50_bci_t.csv,2.0798216739999997
2015_09_06_17_55_bci_t.csv,1.9196033244999997
2015_09_06_18_00_bci_t.csv,1.759384975
2015_09_06_18_05_bci_t.csv,1.4661541458333334
2015_09_06_18_10_bci_t.csv,1.1729233166666666
2015_09_06_18_15_bci_t.csv,0.8796924875
2015_09_06_18_20_bci_t.csv,0.5864616583333333
2015_09_06_18_25_bci_t.csv,0.29323082916666665
2015_09_06_18_30_bci_t.csv,0.0
2015_09_06_18_35_bci_t.csv,0.0
2015_09_06_18_40_bci_t.csv,0.0
2015_09_06_18_45_bci_t.csv,0.0
2015_09_06_18_50_bci_t.csv,0.0
2015_09_06_18_55_bci_t.csv,0.0
2015_09_06_19_00_bci_t.csv,0.0
2015_09_06_19_05_bci_t.csv,0.0
2015_09_06_19_10_bci_t.csv,0.0
2015_09_06_19_15_bci_t.csv,0.0
2015_09_06_19_20_bci_t.csv,0.0
2015_09_06_19_25_bci_t.csv,0.0
2015_09_06_19_30_bci_t.csv,0.0
2015_09_06_19_35_bci_t.csv,0.0
2015_09_06_19_40_bci_t.csv,0.0
2015_09_06_19_45_bci_t.csv,0.0
2015_09_06_19_50_bci_t.csv,0.0
2015_09_06_19_55_bci_t.csv,0.0
2015_09_06_20_00_bci_t.csv,0.0
2015_09_06_20_05_bci_t.csv,0.0
2015_09_06_20_10_bci_t.csv,0.0
2015_09_06_20_15_bci_t.csv,0.0
2015_09_06_20_20_bci_t.csv,0.0
2015_09_06_20_25_bci_t.csv,0.0
2015_09_06_20_30_bci_t.csv,0.0
2015_09_06_20_35_bci_t.csv,0.0
2015_09_06_20_40_bci_t.csv,0.0
2015_09_06_20_45_bci_t.csv,0.0
2015_09_06_20_50_bci_t.csv,0.0
2015_09_06_20_55_bci_t.csv,0.0
2015_09_06_21_00_bci_t.csv,0.0
2015_09_06_21_05_bci_t.csv,0.0
2015_09_06_21_10_bci_t.csv,0.0
2015_09_06_21_15_bci_t.csv,0.0
2015_09_06_21_20_bci_t.csv,0.0
2015_09_06_21_25_bci_t.csv,0.0
2015_09_06_21_30_bci_t.csv,0.0
2015_09_06_21_35_bci_t.csv,0.0
2015_09_06_21_40_bci_t.csv,0.0
2015_09_06_21_45_bci_t.csv,0.0
2015_09_06_21_50_bci_t.csv,0.0
2015_09_06_21_55_bci_t.csv,0.0
2015_09_06_22_00_bci_t.csv,0.0
2015_09_06_22_05_bci_t.csv,0.0
2015_09_06_22_10_bci_t.csv,0.0
2015_09_06_22_15_bci_t.csv,0.0
2015_09_06_22_20_bci_t.csv,0.0
2015_09_06_22_25_bci_t.csv,0.0
2015_09_06_22_30_bci_t.csv,0.0
2015_09_06_22_35_bci_t.csv,0.0
2015_09_06_22_40_bci_t.csv,0.0
2015_09_06_22_45_bci_t.csv,0.0
2015_09_06_22_50_bci_t.csv,0.0
2015_09_06_22_55_bci_t.csv,0.0
2015_09_06_23_00_bci_t.csv,0.0
2015_09_06_23_05_bci_t.csv,0.0
2015_09_06_23_10_bci_t.csv,0.0
2015_09_06_23_15_bci_t.csv,0.0
2015_09_06_23_20_bci_t.csv,0.0
2015_09_06_23_25_bci_t.csv,0.0
2015_09_06_23_30_bci_t.csv,0.0
2015_09_06_23_35_bci_t.csv,0.0
2015_09_06_23_40_bci_t.csv,0.0
2015_09_06_23_45_bci_t.csv,0.0
2015_09_06_23_50_bci_t.csv,0.0
2015_09_06_23_55_bci_t.csv,0.0
2015_09_07_00_00_bci_t.csv,0.0
2015_09_07_00_05_bci_t.csv,0.0
2015_09_07_00_10_bci_t.csv,0.0
2015_09_07_00_15_bci_t.csv,0.0
2015_09_07_00_20_bci_t.csv,0.0
2015_09_07_00_25_bci_t.csv,0.0
2015_09_07_00_30_bci_t.csv,0.0
2015_09_07_00_35_bci_t.csv,0.0
2015_09_07_00_40_bci_t.csv,0.0
2015_09_07_00_45_bci_t.csv,0.0
2015_09_07_00_50_bci_t.csv,0.0
2015_09_07_00_55_bci_t.csv,0.0
2015_09_07_01_00_bci_t.csv,0.0
2015_09_07_01_05_bci_t.csv,0.0
2015_09_07_01_10_bci_t.csv,0.0
2015_09_07_01_15_bci_t.csv,0.0
2015_09_07_01_20_bci_t.csv,0.0
2015_09_07_01_25_bci_t.csv,0.0
2015_09_07_01_30_bci_t.csv,0.0
2015_09_07_01_35_bci_t.csv,0.0
2015_09_07_01_40_bci_t.csv,0.0
2015_09_07_01_45_bci_t.csv,0.0
2015_09_07_01_50_bci_t.csv,0.0
2015_09_07_01_55_bci_t.csv,0.0
2015_09_07_02_00_bci_t.csv,0.0
2015_09_07_02_05_bci_t.csv,0.0
2015_09_07_02_10_bci_t.csv,0.0
2015_09_07_02_15_bci_t.csv,0.0
2015_09_07_02_20_bci_t.csv,0.0
2015_09_07_02_25_bci_t.csv,0.0
2015_09_07_02_30_bci_t.csv,0.0
2015_09_07_02_35_bci_t.csv,0.0
2015_09_07_02_40_bci_t.csv,0.0
2015_09_07_02_45_bci_t.csv,0.0
2015_09_07_02_50_bci_t.csv,0.0
2015_09_07_02_55_bci_t.csv,0.0
2015_09_07_03_00_bci_t.csv,0.0
2015_09_07_03_05_bci_t.csv,0.0
2015_09_07_03_10_bci_t.csv,0.0
2015_09_07_03_15_bci_t.csv,0.0
2015_09_07_03_20_bci_t.csv,0.0
2015_09_07_03_25_bci_t.csv,0.0
2015_09_07_03_30_bci_t.csv,0.0
2015_09_07_03_35_bci_t.csv,0.0
2015_09_07_03_40_bci_t.csv,0.0
2015_09_07_03_45_bci_t.csv,0.0
2015_09_07_03_50_bci_t.csv,0.0
2015_09_07_03_55_bci_t.csv,0.0
2015_09_07_04_00_bci_t.csv,0.0
2015_09_07_04_05_bci_t.csv,0.0
2015_09_07_04_10_bci_t.csv,0.0
2015_09_07_04_15_bci_t.csv,0.0
2015_09_07_04_20_bci_t.csv,0.0
2015_09_07_04_25_bci_t.csv,0.0
2015_09_07_04_30_bci_t.csv,0.0
2015_09_07_04_35_bci_t.csv,0.0
2015_09_07_04_40_bci_t.csv,0.0
2015_09_07_04_45_bci_t.csv,0.0
2015_09_07_04_50_bci_t.csv,0.0
2015_09_07_04_55_bci_t.csv,0.0
2015_09_07_05_00_bci_t.csv,0.0
2015_09_07_05_05_bci_t.csv,0.0
2015_09_07_05_10_bci_t.csv,0.0
2015_09_07_05_15_bci_t.csv,0.0
2015_09_07_05_20_bci_t.csv,0.0
2015_09_07_05_25_bci_t.csv,0.0
2015_09_07_05_30_bci_t.csv,0.0
2015_09_07_05_35_bci_t.csv,0.0
2015_09_07_05_40_bci_t.csv,0.0
2015_09_07_05_45_bci_t.csv,0.0
2015_09_07_05_50_bci_t.csv,0.0
2015_09_07_05_55_bci_t.csv,0.0
2015_09_07_06_00_bci_t.csv,0.0
2015_09_07_06_05_bci_t.csv,0.40902632633333336
2015_09_07_06_10_bci_t.csv,0.8180526526666667
2015_09_07_06_15_bci_t.csv,1.227078979
2015_09_07_06_20_bci_t.csv,1.6361053053333334
2015_09_07_06_25_bci_t.csv,2.045131631666667
2015_09_07_06_30_bci_t.csv,2.454157958
2015_09_07_06_35_bci_t.csv,4.059351835
2015_09_07_06_40_bci_t.csv,5.664545712000001
2015_09_07_06_45_bci_t.csv,7.269739589000001
2015_09_07_06_50_bci_t.csv,8.874933466000002
2015_09_07_06_55_bci_t.csv,10.480127343000001
2015_09_07_07_00_bci_t.csv,12.08532122
2015_09_07_07_05_bci_t.csv,11.7067153425
2015_09_07_07_10_bci_t.csv,11.328109465
2015_09_07_07_15_bci_t.csv,10.9495035875
2015_09_07_07_20_bci_t.csv,10.57089771
2015_09_07_07_25_bci_t.csv,10.1922918325
2015_09_07_07_30_bci_t.csv,9.813685955
2015_09_07_07_35_bci_t.csv,9.591898361166667
2015_09_07_07_40_bci_t.csv,9.370110767333333
2015_09_07_07_45_bci_t.csv,9.1483231735
2015_09_07_07_50_bci_t.csv,8.926535579666666
2015_09_07_07_55_bci_t.csv,8.704747985833333
2015_09_07_08_00_bci_t.csv,8.482960392
2015_09_07_08_05_bci_t.csv,8.916290806666668
2015_09_07_08_10_bci_t.csv,9.349621221333335
2015_09_07_08_15_bci_t.csv,9.782951636000002
2015_09_07_08_20_bci_t.csv,10.216282050666669
2015_09_07_08_25_bci_t.csv,10.649612465333336
2015_09_07_08_30_bci_t.csv,11.08294288
2015_09_07_08_35_bci_t.csv,11.700441305
2015_09_07_08_40_bci_t.csv,12.31793973
2015_09_07_08_45_bci_t.csv,12.935438155000002
2015_09_07_08_50_bci_t.csv,13.552936580000003
2015_09_07_08_55_bci_t.csv,14.170435005000003
2015_09_07_09_00_bci_t.csv,14.78793343
2015_09_07_09_05_bci_t.csv,14.692964270000001
2015_09_07_09_10_bci_t.csv,14.597995110000001
2015_09_07_09_15_bci_t.csv,14.503025950000001
2015_09_07_09_20_bci_t.csv,14.408056790000002
2015_09_07_09_25_bci_t.csv,14.313087630000002
2015_09_07_09_30_bci_t.csv,14.21811847
2015_09_07_09_35_bci_t.csv,14.691681245
2015_09_07_09_40_bci_t.csv,15.16524402
2015_09_07_09_45_bci_t.csv,15.638806794999999
2015_09_07_09_50_bci_t.csv,16.11236957
2015_09_07_09_55_bci_t.csv,16.585932345
2015_09_07_10_00_bci_t.csv,17.05949512
2015_09_07_10_05_bci_t.csv,18.516581585
2015_09_07_10_10_bci_t.csv,19.97366805
2015_09_07_10_15_bci_t.csv,21.430754515
2015_09_07_10_20_bci_t.csv,22.88784098
2015_09_07_10_25_bci_t.csv,24.344927445
2015_09_07_10_30_bci_t.csv,25.80201391
2015_09_07_10_35_bci_t.csv,26.514625708333334
2015_09_07_10_40_bci_t.csv,27.22723750666667
2015_09_07_10_45_bci_t.csv,27.939849305000003
2015_09_07_10_50_bci_t.csv,28.652461103333337
2015_09_07_10_55_bci_t.csv,29.36507290166667
2015_09_07_11_00_bci_t.csv,30.077684700000002
2015_09_07_11_05_bci_t.csv,27.680492081666667
2015_09_07_11_10_bci_t.csv,25.283299463333332
2015_09_07_11_15_bci_t.csv,22.886106844999997
2015_09_07_11_20_bci_t.csv,20.48891422666666
2015_09_07_11_25_bci_t.csv,18.091721608333327
2015_09_07_11_30_bci_t.csv,15.69452899
2015_09_07_11_35_bci_t.csv,15.263682253333334
2015_09_07_11_40_bci_t.csv,14.832835516666668
2015_09_07_11_45_bci_t.csv,14.401988780000002
2015_09_07_11_50_bci_t.csv,13.971142043333336
2015_09_07_11_55_bci_t.csv,13.54029530666667
2015_09_07_12_00_bci_t.csv,13.10944857
2015_09_07_12_05_bci_t.csv,12.84875415
2015_09_07_12_10_bci_t.csv,12.58805973
2015_09_07_12_15_bci_t.csv,12.32736531
2015_09_07_12_20_bci_t.csv,12.06667089
2015_09_07_12_25_bci_t.csv,11.80597647
2015_09_07_12_30_bci_t.csv,11.54528205
2015_09_07_12_35_bci_t.csv,10.0053543425
2015_09_07_12_40_bci_t.csv,8.465426635
2015_09_07_12_45_bci_t.csv,6.9254989275
2015_09_07_12_50_bci_t.csv,5.385571219999999
2015_09_07_12_55_bci_t.csv,3.845643512499999
2015_09_07_13_00_bci_t.csv,2.305715805
2015_09_07_13_05_bci_t.csv,1.9214298375
2015_09_07_13_10_bci_t.csv,1.53714387
2015_09_07_13_15_bci_t.csv,1.1528579024999999
2015_09_07_13_20_bci_t.csv,0.7685719349999998
2015_09_07_13_25_bci_t.csv,0.3842859674999997
2015_09_07_13_30_bci_t.csv,0.0
2015_09_07_13_35_bci_t.csv,0.0
2015_09_07_13_40_bci_t.csv,0.0
2015_09_07_13_45_bci_t.csv,0.0
2015_09_07_13_50_bci_t.csv,0.0
2015_09_07_13_55_bci_t.csv,0.0
2015_09_07_14_00_bci_t.csv,0.0
2015_09_07_14_05_bci_t.csv,0.0
2015_09_07_14_10_bci_t.csv,0.0
2015_09_07_14_15_bci_t.csv,0.0
2015_09_07_14_20_bci_t.csv,0.0
2015_09_07_14_25_bci_t.csv,0.0
2015_09_07_14_30_bci_t.csv,0.0
2015_09_07_14_35_bci_t.csv,1.4690494485
2015_09_07_14_40_bci_t.csv,2.938098897
2015_09_07_14_45_bci_t.csv,4.4071483455000005
2015_09_07_14_50_bci_t.csv,5.876197794
2015_09_07_14_55_bci_t.csv,7.3452472425
2015_09_07_15_00_bci_t.csv,8.814296691000001
2015_09_07_15_05_bci_t.csv,7.894887589166667
2015_09_07_15_10_bci_t.csv,6.9754784873333335
2015_09_07_15_15_bci_t.csv,6.0560693855
2015_09_07_15_20_bci_t.csv,5.136660283666666
2015_09_07_15_25_bci_t.csv,4.2172511818333325
2015_09_07_15_30_bci_t.csv,3.29784208
2015_09_07_15_35_bci_t.csv,3.2824241295
2015_09_07_15_40_bci_t.csv,3.267006179
2015_09_07_15_45_bci_t.csv,3.2515882285
2015_09_07_15_50_bci_t.csv,3.2361702780000003
2015_09_07_15_55_bci_t.csv,3.2207523275000005
2015_09_07_16_00_bci_t.csv,3.205334377
2015_09_07_16_05_bci_t.csv,3.3120559954999997
2015_09_07_16_10_bci_t.csv,3.4187776139999997
2015_09_07_16_15_bci_t.csv,3.5254992324999996
2015_09_07_16_20_bci_t.csv,3.6322208509999996
2015_09_07_16_25_bci_t.csv,3.7389424694999995
2015_09_07_16_30_bci_t.csv,3.845664088
2015_09_07_16_35_bci_t.csv,3.4637671473333334
2015_09_07_16_40_bci_t.csv,3.081870206666667
2015_09_07_16_45_bci_t.csv,2.699973266
2015_09_07_16_50_bci_t.csv,2.3180763253333336
2015_09_07_16_55_bci_t.csv,1.936179384666667
2015_09_07_17_00_bci_t.csv,1.554282444
2015_09_07_17_05_bci_t.csv,1.5036912498333335
2015_09_07_17_10_bci_t.csv,1.453100055666667
2015_09_07_17_15_bci_t.csv,1.4025088615000003
2015_09_07_17_20_bci_t.csv,1.3519176673333337
2015_09_07_17_25_bci_t.csv,1.3013264731666672
2015_09_07_17_30_bci_t.csv,1.2507352790000001
2015_09_07_17_35_bci_t.csv,1.0422793991666668
2015_09_07_17_40_bci_t.csv,0.8338235193333334
2015_09_07_17_45_bci_t.csv,0.6253676395000001
2015_09_07_17_50_bci_t.csv,0.4169117596666667
2015_09_07_17_55_bci_t.csv,0.20845587983333336
2015_09_07_18_00_bci_t.csv,0.0
2015_09_07_18_05_bci_t.csv,0.0
2015_09_07_18_10_bci_t.csv,0.0
2015_09_07_18_15_bci_t.csv,0.0
2015_09_07_18_20_bci_t.csv,0.0
2015_09_07_18_25_bci_t.csv,0.0
2015_09_07_18_30_bci_t.csv,0.0
2015_09_07_18_35_bci_t.csv,0.0
2015_09_07_18_40_bci_t.csv,0.0
2015_09_07_18_45_bci_t.csv,0.0
2015_09_07_18_50_bci_t.csv,0.0
2015_09_07_18_55_bci_t.csv,0.0
2015_09_07_19_00_bci_t.csv,0.0
2015_09_07_19_05_bci_t.csv,0.0
2015_09_07_19_10_bci_t.csv,0.0
2015_09_07_19_15_bci_t.csv,0.0
2015_09_07_19_20_bci_t.csv,0.0
2015_09_07_19_25_bci_t.csv,0.0
2015_09_07_19_30_bci_t.csv,0.0
2015_09_07_19_35_bci_t.csv,0.0
2015_09_07_19_40_bci_t.csv,0.0
2015_09_07_19_45_bci_t.csv,0.0
2015_09_07_19_50_bci_t.csv,0.0
2015_09_07_19_55_bci_t.csv,0.0
2015_09_07_20_00_bci_t.csv,0.0
2015_09_07_20_05_bci_t.csv,0.0
2015_09_07_20_10_bci_t.csv,0.0
2015_09_07_20_15_bci_t.csv,0.0
2015_09_07_20_20_bci_t.csv,0.0
2015_09_07_20_25_bci_t.csv,0.0
2015_09_07_20_30_bci_t.csv,0.0
2015_09_07_20_35_bci_t.csv,0.0
2015_09_07_20_40_bci_t.csv,0.0
2015_09_07_20_45_bci_t.csv,0.0
2015_09_07_20_50_bci_t.csv,0.0
2015_09_07_20_55_bci_t.csv,0.0
2015_09_07_21_00_bci_t.csv,0.0
2015_09_07_21_05_bci_t.csv,0.0
2015_09_07_21_10_bci_t.csv,0.0
2015_09_07_21_15_bci_t.csv,0.0
2015_09_07_21_20_bci_t.csv,0.0
2015_09_07_21_25_bci_t.csv,0.0
2015_09_07_21_30_bci_t.csv,0.0
2015_09_07_21_35_bci_t.csv,0.0
2015_09_07_21_40_bci_t.csv,0.0
2015_09_07_21_45_bci_t.csv,0.0
2015_09_07_21_50_bci_t.csv,0.0
2015_09_07_21_55_bci_t.csv,0.0
2015_09_07_22_00_bci_t.csv,0.0
2015_09_07_22_05_bci_t.csv,0.0
2015_09_07_22_10_bci_t.csv,0.0
2015_09_07_22_15_bci_t.csv,0.0
2015_09_07_22_20_bci_t.csv,0.0
2015_09_07_22_25_bci_t.csv,0.0
2015_09_07_22_30_bci_t.csv,0.0
2015_09_07_22_35_bci_t.csv,0.0
2015_09_07_22_40_bci_t.csv,0.0
2015_09_07_22_45_bci_t.csv,0.0
2015_09_07_22_50_bci_t.csv,0.0
2015_09_07_22_55_bci_t.csv,0.0
2015_09_07_23_00_bci_t.csv,0.0
2015_09_07_23_05_bci_t.csv,0.0
2015_09_07_23_10_bci_t.csv,0.0
2015_09_07_23_15_bci_t.csv,0.0
2015_09_07_23_20_bci_t.csv,0.0
2015_09_07_23_25_bci_t.csv,0.0
2015_09_07_23_30_bci_t.csv,0.0
2015_09_07_23_35_bci_t.csv,0.0
2015_09_07_23_40_bci_t.csv,0.0
2015_09_07_23_45_bci_t.csv,0.0
2015_09_07_23_50_bci_t.csv,0.0
2015_09_07_23_55_bci_t.csv,0.0
2015_09_08_00_00_bci_t.csv,0.0
2015_09_08_00_05_bci_t.csv,0.0
2015_09_08_00_10_bci_t.csv,0.0
2015_09_08_00_15_bci_t.csv,0.0
2015_09_08_00_20_bci_t.csv,0.0
2015_09_08_00_25_bci_t.csv,0.0
2015_09_08_00_30_bci_t.csv,0.0
2015_09_08_00_35_bci_t.csv,0.0
2015_09_08_00_40_bci_t.csv,0.0
2015_09_08_00_45_bci_t.csv,0.0
2015_09_08_00_50_bci_t.csv,0.0
2015_09_08_00_55_bci_t.csv,0.0
2015_09_08_01_00_bci_t.csv,0.0
2015_09_08_01_05_bci_t.csv,0.0
2015_09_08_01_10_bci_t.csv,0.0
2015_09_08_01_15_bci_t.csv,0.0
2015_09_08_01_20_bci_t.csv,0.0
2015_09_08_01_25_bci_t.csv,0.0
2015_09_08_01_30_bci_t.csv,0.0
2015_09_08_01_35_bci_t.csv,0.0
2015_09_08_01_40_bci_t.csv,0.0
2015_09_08_01_45_bci_t.csv,0.0
2015_09_08_01_50_bci_t.csv,0.0
2015_09_08_01_55_bci_t.csv,0.0
2015_09_08_02_00_bci_t.csv,0.0
2015_09_08_02_05_bci_t.csv,0.0
2015_09_08_02_10_bci_t.csv,0.0
2015_09_08_02_15_bci_t.csv,0.0
2015_09_08_02_20_bci_t.csv,0.0
2015_09_08_02_25_bci_t.csv,0.0
2015_09_08_02_30_bci_t.csv,0.0
2015_09_08_02_35_bci_t.csv,0.0
2015_09_08_02_40_bci_t.csv,0.0
2015_09_08_02_45_bci_t.csv,0.0
2015_09_08_02_50_bci_t.csv,0.0
2015_09_08_02_55_bci_t.csv,0.0
2015_09_08_03_00_bci_t.csv,0.0
2015_09_08_03_05_bci_t.csv,0.0
2015_09_08_03_10_bci_t.csv,0.0
2015_09_08_03_15_bci_t.csv,0.0
2015_09_08_03_20_bci_t.csv,0.0
2015_09_08_03_25_bci_t.csv,0.0
2015_09_08_03_30_bci_t.csv,0.0
2015_09_08_03_35_bci_t.csv,0.0
2015_09_08_03_40_bci_t.csv,0.0
2015_09_08_03_45_bci_t.csv,0.0
2015_09_08_03_50_bci_t.csv,0.0
2015_09_08_03_55_bci_t.csv,0.0
2015_09_08_04_00_bci_t.csv,0.0
2015_09_08_04_05_bci_t.csv,0.0
2015_09_08_04_10_bci_t.csv,0.0
2015_09_08_04_15_bci_t.csv,0.0
2015_09_08_04_20_bci_t.csv,0.0
2015_09_08_04_25_bci_t.csv,0.0
2015_09_08_04_30_bci_t.csv,0.0
2015_09_08_04_35_bci_t.csv,0.0
2015_09_08_04_40_bci_t.csv,0.0
2015_09_08_04_45_bci_t.csv,0.0
2015_09_08_04_50_bci_t.csv,0.0
2015_09_08_04_55_bci_t.csv,0.0
2015_09_08_05_00_bci_t.csv,0.0
2015_09_08_05_05_bci_t.csv,0.0
2015_09_08_05_10_bci_t.csv,0.0
2015_09_08_05_15_bci_t.csv,0.0
2015_09_08_05_20_bci_t.csv,0.0
2015_09_08_05_25_bci_t.csv,0.0
2015_09_08_05_30_bci_t.csv,0.0
2015_09_08_05_35_bci_t.csv,0.0
2015_09_08_05_40_bci_t.csv,0.0
2015_09_08_05_45_bci_t.csv,0.0
2015_09_08_05_50_bci_t.csv,0.0
2015_09_08_05_55_bci_t.csv,0.0
2015_09_08_06_00_bci_t.csv,0.0
2015_09_08_06_05_bci_t.csv,0.5436074896666667
2015_09_08_06_10_bci_t.csv,1.0872149793333334
2015_09_08_06_15_bci_t.csv,1.6308224690000002
2015_09_08_06_20_bci_t.csv,2.174429958666667
2015_09_08_06_25_bci_t.csv,2.718037448333334
2015_09_08_06_30_bci_t.csv,3.2616449380000003
2015_09_08_06_35_bci_t.csv,3.288734843666667
2015_09_08_06_40_bci_t.csv,3.3158247493333337
2015_09_08_06_45_bci_t.csv,3.3429146550000004
2015_09_08_06_50_bci_t.csv,3.370004560666667
2015_09_08_06_55_bci_t.csv,3.397094466333334
2015_09_08_07_00_bci_t.csv,3.424184372
2015_09_08_07_05_bci_t.csv,4.327710944166666
2015_09_08_07_10_bci_t.csv,5.231237516333334
2015_09_08_07_15_bci_t.csv,6.134764088500001
2015_09_08_07_20_bci_t.csv,7.038290660666668
2015_09_08_07_25_bci_t.csv,7.941817232833335
2015_09_08_07_30_bci_t.csv,8.845343805
2015_09_08_07_35_bci_t.csv,8.743685118833334
2015_09_08_07_40_bci_t.csv,8.642026432666666
2015_09_08_07_45_bci_t.csv,8.5403677465
2015_09_08_07_50_bci_t.csv,8.438709060333332
2015_09_08_07_55_bci_t.csv,8.337050374166665
2015_09_08_08_00_bci_t.csv,8.235391688
2015_09_08_08_05_bci_t.csv,7.520005442166667
2015_09_08_08_10_bci_t.csv,6.804619196333334
2015_09_08_08_15_bci_t.csv,6.089232950500001
2015_09_08_08_20_bci_t.csv,5.3738467046666685
2015_09_08_08_25_bci_t.csv,4.658460458833336
2015_09_08_08_30_bci_t.csv,3.943074213
2015_09_08_08_35_bci_t.csv,4.954807439166666
2015_09_08_08_40_bci_t.csv,5.9665406653333335
2015_09_08_08_45_bci_t.csv,6.978273891500001
2015_09_08_08_50_bci_t.csv,7.990007117666668
2015_09_08_08_55_bci_t.csv,9.001740343833335
2015_09_08_09_00_bci_t.csv,10.01347357
2015_09_08_09_05_bci_t.csv,10.72158985
2015_09_08_09_10_bci_t.csv,11.429706130000001
2015_09_08_09_15_bci_t.csv,12.137822410000002
2015_09_08_09_20_bci_t.csv,12.845938690000002
2015_09_08_09_25_bci_t.csv,13.554054970000003
2015_09_08_09_30_bci_t.csv,14.26217125
2015_09_08_09_35_bci_t.csv,14.987216985
2015_09_08_09_40_bci_t.csv,15.71226272
2015_09_08_09_45_bci_t.csv,16.437308455
2015_09_08_09_50_bci_t.csv,17.16235419
2015_09_08_09_55_bci_t.csv,17.887399924999997
2015_09_08_10_00_bci_t.csv,18.61244566
2015_09_08_10_05_bci_t.csv,18.24534706833333
2015_09_08_10_10_bci_t.csv,17.878248476666663
2015_09_08_10_15_bci_t.csv,17.511149884999995
2015_09_08_10_20_bci_t.csv,17.144051293333327
2015_09_08_10_25_bci_t.csv,16.77695270166666
2015_09_08_10_30_bci_t.csv,16.40985411
2015_09_08_10_35_bci_t.csv,17.020542373333335
2015_09_08_10_40_bci_t.csv,17.63123063666667
2015_09_08_10_45_bci_t.csv,18.2419189
2015_09_08_10_50_bci_t.csv,18.852607163333335
2015_09_08_10_55_bci_t.csv,19.46329542666667
2015_09_08_11_00_bci_t.csv,20.07398369
2015_09_08_11_05_bci_t.csv,22.153815716666667
2015_09_08_11_10_bci_t.csv,24.233647743333336
2015_09_08_11_15_bci_t.csv,26.313479770000004
2015_09_08_11_20_bci_t.csv,28.393311796666673
2015_09_08_11_25_bci_t.csv,30.47314382333334
2015_09_08_11_30_bci_t.csv,32.55297585
2015_09_08_11_35_bci_t.csv,30.864689073333334
2015_09_08_11_40_bci_t.csv,29.176402296666666
2015_09_08_11_45_bci_t.csv,27.488115519999997
2015_09_08_11_50_bci_t.csv,25.79982874333333
2015_09_08_11_55_bci_t.csv,24.11154196666666
2015_09_08_12_00_bci_t.csv,22.42325519
2015_09_08_12_05_bci_t.csv,23.205021889999998
2015_09_08_12_10_bci_t.csv,23.986788589999996
2015_09_08_12_15_bci_t.csv,24.768555289999995
2015_09_08_12_20_bci_t.csv,25.550321989999993
2015_09_08_12_25_bci_t.csv,26.332088689999992
2015_09_08_12_30_bci_t.csv,27.11385539
2015_09_08_12_35_bci_t.csv,27.056774215
2015_09_08_12_40_bci_t.csv,26.99969304
2015_09_08_12_45_bci_t.csv,26.942611865
2015_09_08_12_50_bci_t.csv,26.88553069
2015_09_08_12_55_bci_t.csv,26.828449515
2015_09_08_13_00_bci_t.csv,26.77136834
2015_09_08_13_05_bci_t.csv,26.470458899999997
2015_09_08_13_10_bci_t.csv,26.16954946
2015_09_08_13_15_bci_t.csv,25.86864002
2015_09_08_13_20_bci_t.csv,25.567730580000003
2015_09_08_13_25_bci_t.csv,25.266821140000005
2015_09_08_13_30_bci_t.csv,24.9659117
2015_09_08_13_35_bci_t.csv,24.410676433333332
2015_09_08_13_40_bci_t.csv,23.855441166666665
2015_09_08_13_45_bci_t.csv,23.300205899999998
2015_09_08_13_50_bci_t.csv,22.74497063333333
2015_09_08_13_55_bci_t.csv,22.189735366666664
2015_09_08_14_00_bci_t.csv,21.6345001
2015_09_08_14_05_bci_t.csv,20.84751368
2015_09_08_14_10_bci_t.csv,20.06052726
2015_09_08_14_15_bci_t.csv,19.273540840000003
2015_09_08_14_20_bci_t.csv,18.486554420000004
2015_09_08_14_25_bci_t.csv,17.699568000000006
2015_09_08_14_30_bci_t.csv,16.91258158
2015_09_08_14_35_bci_t.csv,16.971201086666667
2015_09_08_14_40_bci_t.csv,17.029820593333334
2015_09_08_14_45_bci_t.csv,17.0884401
2015_09_08_14_50_bci_t.csv,17.147059606666666
2015_09_08_14_55_bci_t.csv,17.205679113333332
2015_09_08_15_00_bci_t.csv,17.26429862
2015_09_08_15_05_bci_t.csv,15.041044101666667
2015_09_08_15_10_bci_t.csv,12.817789583333333
2015_09_08_15_15_bci_t.csv,10.594535064999999
2015_09_08_15_20_bci_t.csv,8.371280546666664
2015_09_08_15_25_bci_t.csv,6.14802602833333
2015_09_08_15_30_bci_t.csv,3.92477151
2015_09_08_15_35_bci_t.csv,3.2727148615
2015_09_08_15_40_bci_t.csv,2.620658213
2015_09_08_15_45_bci_t.csv,1.9686015645000001
2015_09_08_15_50_bci_t.csv,1.3165449160000002
2015_09_08_15_55_bci_t.csv,0.6644882675000002
2015_09_08_16_00_bci_t.csv,0.012431619
2015_09_08_16_05_bci_t.csv,0.0103596825
2015_09_08_16_10_bci_t.csv,0.008287746
2015_09_08_16_15_bci_t.csv,0.006215809500000001
2015_09_08_16_20_bci_t.csv,0.004143873000000001
2015_09_08_16_25_bci_t.csv,0.002071936500000001
2015_09_08_16_30_bci_t.csv,0.0
2015_09_08_16_35_bci_t.csv,0.0
2015_09_08_16_40_bci_t.csv,0.0
2015_09_08_16_45_bci_t.csv,0.0
2015_09_08_16_50_bci_t.csv,0.0
2015_09_08_16_55_bci_t.csv,0.0
2015_09_08_17_00_bci_t.csv,0.0
2015_09_08_17_05_bci_t.csv,0.2528943871666667
2015_09_08_17_10_bci_t.csv,0.5057887743333334
2015_09_08_17_15_bci_t.csv,0.7586831615
2015_09_08_17_20_bci_t.csv,1.0115775486666667
2015_09_08_17_25_bci_t.csv,1.2644719358333334
2015_09_08_17_30_bci_t.csv,1.517366323
2015_09_08_17_35_bci_t.csv,1.2644719358333334
2015_09_08_17_40_bci_t.csv,1.0115775486666667
2015_09_08_17_45_bci_t.csv,0.7586831615
2015_09_08_17_50_bci_t.csv,0.5057887743333334
2015_09_08_17_55_bci_t.csv,0.2528943871666667
2015_09_08_18_00_bci_t.csv,0.0
2015_09_08_18_05_bci_t.csv,0.0
2015_09_08_18_10_bci_t.csv,0.0
2015_09_08_18_15_bci_t.csv,0.0
2015_09_08_18_20_bci_t.csv,0.0
2015_09_08_18_25_bci_t.csv,0.0
2015_09_08_18_30_bci_t.csv,0.0
2015_09_08_18_35_bci_t.csv,0.0
2015_09_08_18_40_bci_t.csv,0.0
2015_09_08_18_45_bci_t.csv,0.0
2015_09_08_18_50_bci_t.csv,0.0
2015_09_08_18_55_bci_t.csv,0.0
2015_09_08_19_00_bci_t.csv,0.0
2015_09_08_19_05_bci_t.csv,0.0
2015_09_08_19_10_bci_t.csv,0.0
2015_09_08_19_15_bci_t.csv,0.0
2015_09_08_19_20_bci_t.csv,0.0
2015_09_08_19_25_bci_t.csv,0.0
2015_09_08_19_30_bci_t.csv,0.0
2015_09_08_19_35_bci_t.csv,0.0
2015_09_08_19_40_bci_t.csv,0.0
2015_09_08_19_45_bci_t.csv,0.0
2015_09_08_19_50_bci_t.csv,0.0
2015_09_08_19_55_bci_t.csv,0.0
2015_09_08_20_00_bci_t.csv,0.0
2015_09_08_20_05_bci_t.csv,0.0
2015_09_08_20_10_bci_t.csv,0.0
2015_09_08_20_15_bci_t.csv,0.0
2015_09_08_20_20_bci_t.csv,0.0
2015_09_08_20_25_bci_t.csv,0.0
2015_09_08_20_30_bci_t.csv,0.0
2015_09_08_20_35_bci_t.csv,0.0
2015_09_08_20_40_bci_t.csv,0.0
2015_09_08_20_45_bci_t.csv,0.0
2015_09_08_20_50_bci_t.csv,0.0
2015_09_08_20_55_bci_t.csv,0.0
2015_09_08_21_00_bci_t.csv,0.0
2015_09_08_21_05_bci_t.csv,0.0
2015_09_08_21_10_bci_t.csv,0.0
2015_09_08_21_15_bci_t.csv,0.0
2015_09_08_21_20_bci_t.csv,0.0
2015_09_08_21_25_bci_t.csv,0.0
2015_09_08_21_30_bci_t.csv,0.0
2015_09_08_21_35_bci_t.csv,0.0
2015_09_08_21_40_bci_t.csv,0.0
2015_09_08_21_45_bci_t.csv,0.0
2015_09_08_21_50_bci_t.csv,0.0
2015_09_08_21_55_bci_t.csv,0.0
2015_09_08_22_00_bci_t.csv,0.0
2015_09_08_22_05_bci_t.csv,0.0
2015_09_08_22_10_bci_t.csv,0.0
2015_09_08_22_15_bci_t.csv,0.0
2015_09_08_22_20_bci_t.csv,0.0
2015_09_08_22_25_bci_t.csv,0.0
2015_09_08_22_30_bci_t.csv,0.0
2015_09_08_22_35_bci_t.csv,0.0
2015_09_08_22_40_bci_t.csv,0.0
2015_09_08_22_45_bci_t.csv,0.0
2015_09_08_22_50_bci_t.csv,0.0
2015_09_08_22_55_bci_t.csv,0.0
2015_09_08_23_00_bci_t.csv,0.0
2015_09_08_23_05_bci_t.csv,0.0
2015_09_08_23_10_bci_t.csv,0.0
2015_09_08_23_15_bci_t.csv,0.0
2015_09_08_23_20_bci_t.csv,0.0
2015_09_08_23_25_bci_t.csv,0.0
2015_09_08_23_30_bci_t.csv,0.0
2015_09_08_23_35_bci_t.csv,0.0
2015_09_08_23_40_bci_t.csv,0.0
2015_09_08_23_45_bci_t.csv,0.0
2015_09_08_23_50_bci_t.csv,0.0
2015_09_08_23_55_bci_t.csv,0.0
2015_09_09_00_00_bci_t.csv,0.0
2015_09_09_00_05_bci_t.csv,0.0
2015_09_09_00_10_bci_t.csv,0.0
2015_09_09_00_15_bci_t.csv,0.0
2015_09_09_00_20_bci_t.csv,0.0
2015_09_09_00_25_bci_t.csv,0.0
2015_09_09_00_30_bci_t.csv,0.0
2015_09_09_00_35_bci_t.csv,0.0
2015_09_09_00_40_bci_t.csv,0.0
2015_09_09_00_45_bci_t.csv,0.0
2015_09_09_00_50_bci_t.csv,0.0
2015_09_09_00_55_bci_t.csv,0.0
2015_09_09_01_00_bci_t.csv,0.0
2015_09_09_01_05_bci_t.csv,0.0
2015_09_09_01_10_bci_t.csv,0.0
2015_09_09_01_15_bci_t.csv,0.0
2015_09_09_01_20_bci_t.csv,0.0
2015_09_09_01_25_bci_t.csv,0.0
2015_09_09_01_30_bci_t.csv,0.0
2015_09_09_01_35_bci_t.csv,0.0
2015_09_09_01_40_bci_t.csv,0.0
2015_09_09_01_45_bci_t.csv,0.0
2015_09_09_01_50_bci_t.csv,0.0
2015_09_09_01_55_bci_t.csv,0.0
2015_09_09_02_00_bci_t.csv,0.0
2015_09_09_02_05_bci_t.csv,0.0
2015_09_09_02_10_bci_t.csv,0.0
2015_09_09_02_15_bci_t.csv,0.0
2015_09_09_02_20_bci_t.csv,0.0
2015_09_09_02_25_bci_t.csv,0.0
2015_09_09_02_30_bci_t.csv,0.0
2015_09_09_02_35_bci_t.csv,0.0
2015_09_09_02_40_bci_t.csv,0.0
2015_09_09_02_45_bci_t.csv,0.0
2015_09_09_02_50_bci_t.csv,0.0
2015_09_09_02_55_bci_t.csv,0.0
2015_09_09_03_00_bci_t.csv,0.0
2015_09_09_03_05_bci_t.csv,0.0
2015_09_09_03_10_bci_t.csv,0.0
2015_09_09_03_15_bci_t.csv,0.0
2015_09_09_03_20_bci_t.csv,0.0
2015_09_09_03_25_bci_t.csv,0.0
2015_09_09_03_30_bci_t.csv,0.0
2015_09_09_03_35_bci_t.csv,0.0
2015_09_09_03_40_bci_t.csv,0.0
2015_09_09_03_45_bci_t.csv,0.0
2015_09_09_03_50_bci_t.csv,0.0
2015_09_09_03_55_bci_t.csv,0.0
2015_09_09_04_00_bci_t.csv,0.0
2015_09_09_04_05_bci_t.csv,0.0
2015_09_09_04_10_bci_t.csv,0.0
2015_09_09_04_15_bci_t.csv,0.0
2015_09_09_04_20_bci_t.csv,0.0
2015_09_09_04_25_bci_t.csv,0.0
2015_09_09_04_30_bci_t.csv,0.0
2015_09_09_04_35_bci_t.csv,0.0
2015_09_09_04_40_bci_t.csv,0.0
2015_09_09_04_45_bci_t.csv,0.0
2015_09_09_04_50_bci_t.csv,0.0
2015_09_09_04_55_bci_t.csv,0.0
2015_09_09_05_00_bci_t.csv,0.0
2015_09_09_05_05_bci_t.csv,0.0
2015_09_09_05_10_bci_t.csv,0.0
2015_09_09_05_15_bci_t.csv,0.0
2015_09_09_05_20_bci_t.csv,0.0
2015_09_09_05_25_bci_t.csv,0.0
2015_09_09_05_30_bci_t.csv,0.0
2015_09_09_05_35_bci_t.csv,0.0
2015_09_09_05_40_bci_t.csv,0.0
2015_09_09_05_45_bci_t.csv,0.0
2015_09_09_05_50_bci_t.csv,0.0
2015_09_09_05_55_bci_t.csv,0.0
2015_09_09_06_00_bci_t.csv,0.0
2015_09_09_06_05_bci_t.csv,0.214858389
2015_09_09_06_10_bci_t.csv,0.429716778
2015_09_09_06_15_bci_t.csv,0.6445751670000001
2015_09_09_06_20_bci_t.csv,0.859433556
2015_09_09_06_25_bci_t.csv,1.0742919450000001
2015_09_09_06_30_bci_t.csv,1.2891503340000001
2015_09_09_06_35_bci_t.csv,1.7334097323333335
2015_09_09_06_40_bci_t.csv,2.1776691306666667
2015_09_09_06_45_bci_t.csv,2.621928529
2015_09_09_06_50_bci_t.csv,3.066187927333333
2015_09_09_06_55_bci_t.csv,3.510447325666666
2015_09_09_07_00_bci_t.csv,3.954706724
2015_09_09_07_05_bci_t.csv,4.568310594333333
2015_09_09_07_10_bci_t.csv,5.181914464666667
2015_09_09_07_15_bci_t.csv,5.795518335000001
2015_09_09_07_20_bci_t.csv,6.409122205333334
2015_09_09_07_25_bci_t.csv,7.022726075666668
2015_09_09_07_30_bci_t.csv,7.636329946
2015_09_09_07_35_bci_t.csv,8.564130298333334
2015_09_09_07_40_bci_t.csv,9.491930650666667
2015_09_09_07_45_bci_t.csv,10.419731003
2015_09_09_07_50_bci_t.csv,11.347531355333334
2015_09_09_07_55_bci_t.csv,12.275331707666668
2015_09_09_08_00_bci_t.csv,13.20313206
2015_09_09_08_05_bci_t.csv,13.650686306666666
2015_09_09_08_10_bci_t.csv,14.098240553333332
2015_09_09_08_15_bci_t.csv,14.545794799999998
2015_09_09_08_20_bci_t.csv,14.993349046666664
2015_09_09_08_25_bci_t.csv,15.44090329333333
2015_09_09_08_30_bci_t.csv,15.88845754
2015_09_09_08_35_bci_t.csv,16.821051123333334
2015_09_09_08_40_bci_t.csv,17.753644706666666
2015_09_09_08_45_bci_t.csv,18.68623829
2015_09_09_08_50_bci_t.csv,19.61883187333333
2015_09_09_08_55_bci_t.csv,20.551425456666664
2015_09_09_09_00_bci_t.csv,21.48401904
2015_09_09_09_05_bci_t.csv,23.720907578333332
2015_09_09_09_10_bci_t.csv,25.957796116666664
2015_09_09_09_15_bci_t.csv,28.194684654999996
2015_09_09_09_20_bci_t.csv,30.431573193333328
2015_09_09_09_25_bci_t.csv,32.66846173166666
2015_09_09_09_30_bci_t.csv,34.90535027
2015_09_09_09_35_bci_t.csv,33.489543958333336
2015_09_09_09_40_bci_t.csv,32.07373764666667
2015_09_09_09_45_bci_t.csv,30.657931335000004
2015_09_09_09_50_bci_t.csv,29.242125023333337
2015_09_09_09_55_bci_t.csv,27.82631871166667
2015_09_09_10_00_bci_t.csv,26.4105124
2015_09_09_10_05_bci_t.csv,23.93757714666667
2015_09_09_10_10_bci_t.csv,21.464641893333336
2015_09_09_10_15_bci_t.csv,18.991706640000004
2015_09_09_10_20_bci_t.csv,16.51877138666667
2015_09_09_10_25_bci_t.csv,14.045836133333339
2015_09_09_10_30_bci_t.csv,11.57290088
2015_09_09_10_35_bci_t.csv,11.651232255
2015_09_09_10_40_bci_t.csv,11.72956363
2015_09_09_10_45_bci_t.csv,11.807895004999999
2015_09_09_10_50_bci_t.csv,11.886226379999998
2015_09_09_10_55_bci_t.csv,11.964557754999998
2015_09_09_11_00_bci_t.csv,12.04288913
2015_09_09_11_05_bci_t.csv,13.821258673333334
2015_09_09_11_10_bci_t.csv,15.599628216666668
2015_09_09_11_15_bci_t.csv,17.37799776
2015_09_09_11_20_bci_t.csv,19.156367303333333
2015_09_09_11_25_bci_t.csv,20.934736846666667
2015_09_09_11_30_bci_t.csv,22.71310639
2015_09_09_11_35_bci_t.csv,19.26593974
2015_09_09_11_40_bci_t.csv,15.81877309
2015_09_09_11_45_bci_t.csv,12.37160644
2015_09_09_11_50_bci_t.csv,8.924439790000001
2015_09_09_11_55_bci_t.csv,5.477273140000001
2015_09_09_12_00_bci_t.csv,2.03010649
2015_09_09_12_05_bci_t.csv,4.53734603
2015_09_09_12_10_bci_t.csv,7.044585570000001
2015_09_09_12_15_bci_t.csv,9.551825110000001
2015_09_09_12_20_bci_t.csv,12.059064650000002
2015_09_09_12_25_bci_t.csv,14.566304190000002
2015_09_09_12_30_bci_t.csv,17.07354373
2015_09_09_12_35_bci_t.csv,17.796059658333334
2015_09_09_12_40_bci_t.csv,18.518575586666667
2015_09_09_12_45_bci_t.csv,19.241091515
2015_09_09_12_50_bci_t.csv,19.963607443333334
2015_09_09_12_55_bci_t.csv,20.686123371666667
2015_09_09_13_00_bci_t.csv,21.4086393
2015_09_09_13_05_bci_t.csv,21.004269221666668
2015_09_09_13_10_bci_t.csv,20.599899143333335
2015_09_09_13_15_bci_t.csv,20.195529065000002
2015_09_09_13_20_bci_t.csv,19.79115898666667
2015_09_09_13_25_bci_t.csv,19.386788908333337
2015_09_09_13_30_bci_t.csv,18.98241883
2015_09_09_13_35_bci_t.csv,20.553618905
2015_09_09_13_40_bci_t.csv,22.12481898
2015_09_09_13_45_bci_t.csv,23.696019055
2015_09_09_13_50_bci_t.csv,25.26721913
2015_09_09_13_55_bci_t.csv,26.838419205
2015_09_09_14_00_bci_t.csv,28.40961928
2015_09_09_14_05_bci_t.csv,26.1877093
2015_09_09_14_10_bci_t.csv,23.965799320000002
2015_09_09_14_15_bci_t.csv,21.743889340000003
2015_09_09_14_20_bci_t.csv,19.521979360000003
2015_09_09_14_25_bci_t.csv,17.300069380000004
2015_09_09_14_30_bci_t.csv,15.0781594
2015_09_09_14_35_bci_t.csv,14.381701796666666
2015_09_09_14_40_bci_t.csv,13.685244193333332
2015_09_09_14_45_bci_t.csv,12.988786589999998
2015_09_09_14_50_bci_t.csv,12.292328986666664
2015_09_09_14_55_bci_t.csv,11.59587138333333
2015_09_09_15_00_bci_t.csv,10.89941378
2015_09_09_15_05_bci_t.csv,11.105883296666667
2015_09_09_15_10_bci_t.csv,11.312352813333334
2015_09_09_15_15_bci_t.csv,11.51882233
2015_09_09_15_20_bci_t.csv,11.725291846666668
2015_09_09_15_25_bci_t.csv,11.931761363333335
2015_09_09_15_30_bci_t.csv,12.13823088
2015_09_09_15_35_bci_t.csv,10.411458718833334
2015_09_09_15_40_bci_t.csv,8.684686557666668
2015_09_09_15_45_bci_t.csv,6.9579143965000005
2015_09_09_15_50_bci_t.csv,5.2311422353333334
2015_09_09_15_55_bci_t.csv,3.5043700741666663
2015_09_09_16_00_bci_t.csv,1.7775979130000001
2015_09_09_16_05_bci_t.csv,1.4813315941666667
2015_09_09_16_10_bci_t.csv,1.1850652753333333
2015_09_09_16_15_bci_t.csv,0.8887989564999998
2015_09_09_16_20_bci_t.csv,0.5925326376666664
2015_09_09_16_25_bci_t.csv,0.29626631883333304
2015_09_09_16_30_bci_t.csv,0.0
2015_09_09_16_35_bci_t.csv,0.16536225983333333
2015_09_09_16_40_bci_t.csv,0.33072451966666666
2015_09_09_16_45_bci_t.csv,0.4960867795
2015_09_09_16_50_bci_t.csv,0.6614490393333333
2015_09_09_16_55_bci_t.csv,0.8268112991666666
2015_09_09_17_00_bci_t.csv,0.992173559
2015_09_09_17_05_bci_t.csv,1.0009357993333334
2015_09_09_17_10_bci_t.csv,1.0096980396666668
2015_09_09_17_15_bci_t.csv,1.0184602800000002
2015_09_09_17_20_bci_t.csv,1.0272225203333336
2015_09_09_17_25_bci_t.csv,1.035984760666667
2015_09_09_17_30_bci_t.csv,1.044747001
2015_09_09_17_35_bci_t.csv,0.8706225008333333
2015_09_09_17_40_bci_t.csv,0.6964980006666666
2015_09_09_17_45_bci_t.csv,0.5223735004999999
2015_09_09_17_50_bci_t.csv,0.34824900033333317
2015_09_09_17_55_bci_t.csv,0.1741245001666665
2015_09_09_18_00_bci_t.csv,0.0
2015_09_09_18_05_bci_t.csv,0.0
2015_09_09_18_10_bci_t.csv,0.0
2015_09_09_18_15_bci_t.csv,0.0
2015_09_09_18_20_bci_t.csv,0.0
2015_09_09_18_25_bci_t.csv,0.0
2015_09_09_18_30_bci_t.csv,0.0
2015_09_09_18_35_bci_t.csv,0.0
2015_09_09_18_40_bci_t.csv,0.0
2015_09_09_18_45_bci_t.csv,0.0
2015_09_09_18_50_bci_t.csv,0.0
2015_09_09_18_55_bci_t.csv,0.0
2015_09_09_19_00_bci_t.csv,0.0
2015_09_09_19_05_bci_t.csv,0.0
2015_09_09_19_10_bci_t.csv,0.0
2015_09_09_19_15_bci_t.csv,0.0
2015_09_09_19_20_bci_t.csv,0.0
2015_09_09_19_25_bci_t.csv,0.0
2015_09_09_19_30_bci_t.csv,0.0
2015_09_09_19_35_bci_t.csv,0.0
2015_09_09_19_40_bci_t.csv,0.0
2015_09_09_19_45_bci_t.csv,0.0
2015_09_09_19_50_bci_t.csv,0.0
2015_09_09_19_55_bci_t.csv,0.0
2015_09_09_20_00_bci_t.csv,0.0
2015_09_09_20_05_bci_t.csv,0.0
2015_09_09_20_10_bci_t.csv,0.0
2015_09_09_20_15_bci_t.csv,0.0
2015_09_09_20_20_bci_t.csv,0.0
2015_09_09_20_25_bci_t.csv,0.0
2015_09_09_20_30_bci_t.csv,0.0
2015_09_09_20_35_bci_t.csv,0.0
2015_09_09_20_40_bci_t.csv,0.0
2015_09_09_20_45_bci_t.csv,0.0
2015_09_09_20_50_bci_t.csv,0.0
2015_09_09_20_55_bci_t.csv,0.0
2015_09_09_21_00_bci_t.csv,0.0
2015_09_09_21_05_bci_t.csv,0.0
2015_09_09_21_10_bci_t.csv,0.0
2015_09_09_21_15_bci_t.csv,0.0
2015_09_09_21_20_bci_t.csv,0.0
2015_09_09_21_25_bci_t.csv,0.0
2015_09_09_21_30_bci_t.csv,0.0
2015_09_09_21_35_bci_t.csv,0.0
2015_09_09_21_40_bci_t.csv,0.0
2015_09_09_21_45_bci_t.csv,0.0
2015_09_09_21_50_bci_t.csv,0.0
2015_09_09_21_55_bci_t.csv,0.0
2015_09_09_22_00_bci_t.csv,0.0
2015_09_09_22_05_bci_t.csv,0.0
2015_09_09_22_10_bci_t.csv,0.0
2015_09_09_22_15_bci_t.csv,0.0
2015_09_09_22_20_bci_t.csv,0.0
2015_09_09_22_25_bci_t.csv,0.0
2015_09_09_22_30_bci_t.csv,0.0
2015_09_09_22_35_bci_t.csv,0.0
2015_09_09_22_40_bci_t.csv,0.0
2015_09_09_22_45_bci_t.csv,0.0
2015_09_09_22_50_bci_t.csv,0.0
2015_09_09_22_55_bci_t.csv,0.0
2015_09_09_23_00_bci_t.csv,0.0
2015_09_09_23_05_bci_t.csv,0.0
2015_09_09_23_10_bci_t.csv,0.0
2015_09_09_23_15_bci_t.csv,0.0
2015_09_09_23_20_bci_t.csv,0.0
2015_09_09_23_25_bci_t.csv,0.0
2015_09_09_23_30_bci_t.csv,0.0
2015_09_09_23_35_bci_t.csv,0.0
2015_09_09_23_40_bci_t.csv,0.0
2015_09_09_23_45_bci_t.csv,0.0
2015_09_09_23_50_bci_t.csv,0.0
2015_09_09_23_55_bci_t.csv,0.0
2015_09_10_00_00_bci_t.csv,0.0
2015_09_10_00_05_bci_t.csv,0.0
2015_09_10_00_10_bci_t.csv,0.0
2015_09_10_00_15_bci_t.csv,0.0
2015_09_10_00_20_bci_t.csv,0.0
2015_09_10_00_25_bci_t.csv,0.0
2015_09_10_00_30_bci_t.csv,0.0
2015_09_10_00_35_bci_t.csv,0.0
2015_09_10_00_40_bci_t.csv,0.0
2015_09_10_00_45_bci_t.csv,0.0
2015_09_10_00_50_bci_t.csv,0.0
2015_09_10_00_55_bci_t.csv,0.0
2015_09_10_01_00_bci_t.csv,0.0
2015_09_10_01_05_bci_t.csv,0.0
2015_09_10_01_10_bci_t.csv,0.0
2015_09_10_01_15_bci_t.csv,0.0
2015_09_10_01_20_bci_t.csv,0.0
2015_09_10_01_25_bci_t.csv,0.0
2015_09_10_01_30_bci_t.csv,0.0
2015_09_10_01_35_bci_t.csv,0.0
2015_09_10_01_40_bci_t.csv,0.0
2015_09_10_01_45_bci_t.csv,0.0
2015_09_10_01_50_bci_t.csv,0.0
2015_09_10_01_55_bci_t.csv,0.0
2015_09_10_02_00_bci_t.csv,0.0
2015_09_10_02_05_bci_t.csv,0.0
2015_09_10_02_10_bci_t.csv,0.0
2015_09_10_02_15_bci_t.csv,0.0
2015_09_10_02_20_bci_t.csv,0.0
2015_09_10_02_25_bci_t.csv,0.0
2015_09_10_02_30_bci_t.csv,0.0
2015_09_10_02_35_bci_t.csv,0.0
2015_09_10_02_40_bci_t.csv,0.0
2015_09_10_02_45_bci_t.csv,0.0
2015_09_10_02_50_bci_t.csv,0.0
2015_09_10_02_55_bci_t.csv,0.0
2015_09_10_03_00_bci_t.csv,0.0
2015_09_10_03_05_bci_t.csv,0.0
2015_09_10_03_10_bci_t.csv,0.0
2015_09_10_03_15_bci_t.csv,0.0
2015_09_10_03_20_bci_t.csv,0.0
2015_09_10_03_25_bci_t.csv,0.0
2015_09_10_03_30_bci_t.csv,0.0
2015_09_10_03_35_bci_t.csv,0.0
2015_09_10_03_40_bci_t.csv,0.0
2015_09_10_03_45_bci_t.csv,0.0
2015_09_10_03_50_bci_t.csv,0.0
2015_09_10_03_55_bci_t.csv,0.0
2015_09_10_04_00_bci_t.csv,0.0
2015_09_10_04_05_bci_t.csv,0.0
2015_09_10_04_10_bci_t.csv,0.0
2015_09_10_04_15_bci_t.csv,0.0
2015_09_10_04_20_bci_t.csv,0.0
2015_09_10_04_25_bci_t.csv,0.0
2015_09_10_04_30_bci_t.csv,0.0
2015_09_10_04_35_bci_t.csv,0.0
2015_09_10_04_40_bci_t.csv,0.0
2015_09_10_04_45_bci_t.csv,0.0
2015_09_10_04_50_bci_t.csv,0.0
2015_09_10_04_55_bci_t.csv,0.0
2015_09_10_05_00_bci_t.csv,0.0
2015_09_10_05_05_bci_t.csv,0.0
2015_09_10_05_10_bci_t.csv,0.0
2015_09_10_05_15_bci_t.csv,0.0
2015_09_10_05_20_bci_t.csv,0.0
2015_09_10_05_25_bci_t.csv,0.0
2015_09_10_05_30_bci_t.csv,0.0
2015_09_10_05_35_bci_t.csv,0.0
2015_09_10_05_40_bci_t.csv,0.0
2015_09_10_05_45_bci_t.csv,0.0
2015_09_10_05_50_bci_t.csv,0.0
2015_09_10_05_55_bci_t.csv,0.0
2015_09_10_06_00_bci_t.csv,0.0
2015_09_10_06_05_bci_t.csv,0.5841365008333333
2015_09_10_06_10_bci_t.csv,1.1682730016666667
2015_09_10_06_15_bci_t.csv,1.7524095025
2015_09_10_06_20_bci_t.csv,2.3365460033333334
2015_09_10_06_25_bci_t.csv,2.920682504166667
2015_09_10_06_30_bci_t.csv,3.504819005
2015_09_10_06_35_bci_t.csv,3.9040824633333333
2015_09_10_06_40_bci_t.csv,4.303345921666667
2015_09_10_06_45_bci_t.csv,4.70260938
2015_09_10_06_50_bci_t.csv,5.101872838333334
2015_09_10_06_55_bci_t.csv,5.501136296666667
2015_09_10_07_00_bci_t.csv,5.900399755
2015_09_10_07_05_bci_t.csv,6.4270820901666665
2015_09_10_07_10_bci_t.csv,6.9537644253333335
2015_09_10_07_15_bci_t.csv,7.4804467605000005
2015_09_10_07_20_bci_t.csv,8.007129095666667
2015_09_10_07_25_bci_t.csv,8.533811430833333
2015_09_10_07_30_bci_t.csv,9.060493766
2015_09_10_07_35_bci_t.csv,8.940523649333334
2015_09_10_07_40_bci_t.csv,8.820553532666668
2015_09_10_07_45_bci_t.csv,8.700583416000002
2015_09_10_07_50_bci_t.csv,8.580613299333336
2015_09_10_07_55_bci_t.csv,8.46064318266667
2015_09_10_08_00_bci_t.csv,8.340673066
2015_09_10_08_05_bci_t.csv,8.992344953333333
2015_09_10_08_10_bci_t.csv,9.644016840666666
2015_09_10_08_15_bci_t.csv,10.295688727999998
2015_09_10_08_20_bci_t.csv,10.94736061533333
2015_09_10_08_25_bci_t.csv,11.599032502666663
2015_09_10_08_30_bci_t.csv,12.25070439
2015_09_10_08_35_bci_t.csv,13.273482614999999
2015_09_10_08_40_bci_t.csv,14.296260839999999
2015_09_10_08_45_bci_t.csv,15.319039064999998
2015_09_10_08_50_bci_t.csv,16.341817289999998
2015_09_10_08_55_bci_t.csv,17.364595514999998
2015_09_10_09_00_bci_t.csv,18.38737374
2015_09_10_09_05_bci_t.csv,16.77347884716667
2015_09_10_09_10_bci_t.csv,15.159583954333335
2015_09_10_09_15_bci_t.csv,13.545689061500003
2015_09_10_09_20_bci_t.csv,11.93179416866667
2015_09_10_09_25_bci_t.csv,10.317899275833337
2015_09_10_09_30_bci_t.csv,8.704004383
2015_09_10_09_35_bci_t.csv,10.533708084166665
2015_09_10_09_40_bci_t.csv,12.363411785333332
2015_09_10_09_45_bci_t.csv,14.193115486499998
2015_09_10_09_50_bci_t.csv,16.022819187666666
2015_09_10_09_55_bci_t.csv,17.852522888833334
2015_09_10_10_00_bci_t.csv,19.68222659
2015_09_10_10_05_bci_t.csv,20.41326232
2015_09_10_10_10_bci_t.csv,21.144298050000003
2015_09_10_10_15_bci_t.csv,21.875333780000005
2015_09_10_10_20_bci_t.csv,22.606369510000007
2015_09_10_10_25_bci_t.csv,23.33740524000001
2015_09_10_10_30_bci_t.csv,24.06844097
2015_09_10_10_35_bci_t.csv,23.628032128333334
2015_09_10_10_40_bci_t.csv,23.187623286666668
2015_09_10_10_45_bci_t.csv,22.747214445
2015_09_10_10_50_bci_t.csv,22.306805603333334
2015_09_10_10_55_bci_t.csv,21.866396761666667
2015_09_10_11_00_bci_t.csv,21.42598792
2015_09_10_11_05_bci_t.csv,20.578117111666668
2015_09_10_11_10_bci_t.csv,19.730246303333335
2015_09_10_11_15_bci_t.csv,18.882375495
2015_09_10_11_20_bci_t.csv,18.03450468666667
2015_09_10_11_25_bci_t.csv,17.186633878333335
2015_09_10_11_30_bci_t.csv,16.33876307
2015_09_10_11_35_bci_t.csv,15.623056779999999
2015_09_10_11_40_bci_t.csv,14.907350489999999
2015_09_10_11_45_bci_t.csv,14.191644199999999
2015_09_10_11_50_bci_t.csv,13.475937909999999
2015_09_10_11_55_bci_t.csv,12.760231619999999
2015_09_10_12_00_bci_t.csv,12.04452533
2015_09_10_12_05_bci_t.csv,13.624796880000002
2015_09_10_12_10_bci_t.csv,15.20506843
2015_09_10_12_15_bci_t.csv,16.78533998
2015_09_10_12_20_bci_t.csv,18.36561153
2015_09_10_12_25_bci_t.csv,19.945883079999998
2015_09_10_12_30_bci_t.csv,21.52615463
2015_09_10_12_35_bci_t.csv,20.49472413
2015_09_10_12_40_bci_t.csv,19.463293630000003
2015_09_10_12_45_bci_t.csv,18.431863130000004
2015_09_10_12_50_bci_t.csv,17.400432630000005
2015_09_10_12_55_bci_t.csv,16.369002130000005
2015_09_10_13_00_bci_t.csv,15.33757163
2015_09_10_13_05_bci_t.csv,18.667321363333333
2015_09_10_13_10_bci_t.csv,21.997071096666666
2015_09_10_13_15_bci_t.csv,25.32682083
2015_09_10_13_20_bci_t.csv,28.656570563333332
2015_09_10_13_25_bci_t.csv,31.986320296666666
2015_09_10_13_30_bci_t.csv,35.31607003
2015_09_10_13_35_bci_t.csv,30.439495765333334
2015_09_10_13_40_bci_t.csv,25.56292150066667
2015_09_10_13_45_bci_t.csv,20.686347236000003
2015_09_10_13_50_bci_t.csv,15.809772971333338
2015_09_10_13_55_bci_t.csv,10.933198706666673
2015_09_10_14_00_bci_t.csv,6.056624442
2015_09_10_14_05_bci_t.csv,5.741732102166667
2015_09_10_14_10_bci_t.csv,5.4268397623333335
2015_09_10_14_15_bci_t.csv,5.1119474225
2015_09_10_14_20_bci_t.csv,4.797055082666667
2015_09_10_14_25_bci_t.csv,4.482162742833333
2015_09_10_14_30_bci_t.csv,4.167270403
2015_09_10_14_35_bci_t.csv,4.9513679395
2015_09_10_14_40_bci_t.csv,5.735465476
2015_09_10_14_45_bci_t.csv,6.5195630125
2015_09_10_14_50_bci_t.csv,7.303660549
2015_09_10_14_55_bci_t.csv,8.087758085499999
2015_09_10_15_00_bci_t.csv,8.871855622
2015_09_10_15_05_bci_t.csv,9.077766718333333
2015_09_10_15_10_bci_t.csv,9.283677814666666
2015_09_10_15_15_bci_t.csv,9.489588910999998
2015_09_10_15_20_bci_t.csv,9.695500007333331
2015_09_10_15_25_bci_t.csv,9.901411103666664
2015_09_10_15_30_bci_t.csv,10.107322199999999
2015_09_10_15_35_bci_t.csv,9.029679287999999
2015_09_10_15_40_bci_t.csv,7.952036375999999
2015_09_10_15_45_bci_t.csv,6.874393463999999
2015_09_10_15_50_bci_t.csv,5.796750551999999
2015_09_10_15_55_bci_t.csv,4.719107639999999
2015_09_10_16_00_bci_t.csv,3.6414647280000003
2015_09_10_16_05_bci_t.csv,3.795195588166667
2015_09_10_16_10_bci_t.csv,3.9489264483333337
2015_09_10_16_15_bci_t.csv,4.1026573085
2015_09_10_16_20_bci_t.csv,4.256388168666667
2015_09_10_16_25_bci_t.csv,4.410119028833333
2015_09_10_16_30_bci_t.csv,4.563849889
2015_09_10_16_35_bci_t.csv,4.9976028721666665
2015_09_10_16_40_bci_t.csv,5.431355855333333
2015_09_10_16_45_bci_t.csv,5.865108838499999
2015_09_10_16_50_bci_t.csv,6.298861821666666
2015_09_10_16_55_bci_t.csv,6.732614804833332
2015_09_10_17_00_bci_t.csv,7.166367788
2015_09_10_17_05_bci_t.csv,6.022420439999999
2015_09_10_17_10_bci_t.csv,4.878473091999999
2015_09_10_17_15_bci_t.csv,3.734525743999999
2015_09_10_17_20_bci_t.csv,2.590578395999999
2015_09_10_17_25_bci_t.csv,1.4466310479999989
2015_09_10_17_30_bci_t.csv,0.3026837
2015_09_10_17_35_bci_t.csv,0.2522364166666667
2015_09_10_17_40_bci_t.csv,0.20178913333333334
2015_09_10_17_45_bci_t.csv,0.15134185
2015_09_10_17_50_bci_t.csv,0.10089456666666666
2015_09_10_17_55_bci_t.csv,0.05044728333333332
2015_09_10_18_00_bci_t.csv,0.0
2015_09_10_18_05_bci_t.csv,0.0
2015_09_10_18_10_bci_t.csv,0.0
2015_09_10_18_15_bci_t.csv,0.0
2015_09_10_18_20_bci_t.csv,0.0
2015_09_10_18_25_bci_t.csv,0.0
2015_09_10_18_30_bci_t.csv,0.0
2015_09_10_18_35_bci_t.csv,0.0
2015_09_10_18_40_bci_t.csv,0.0
2015_09_10_18_45_bci_t.csv,0.0
2015_09_10_18_50_bci_t.csv,0.0
2015_09_10_18_55_bci_t.csv,0.0
2015_09_10_19_00_bci_t.csv,0.0
2015_09_10_19_05_bci_t.csv,0.0
2015_09_10_19_10_bci_t.csv,0.0
2015_09_10_19_15_bci_t.csv,0.0
2015_09_10_19_20_bci_t.csv,0.0
2015_09_10_19_25_bci_t.csv,0.0
2015_09_10_19_30_bci_t.csv,0.0
2015_09_10_19_35_bci_t.csv,0.0
2015_09_10_19_40_bci_t.csv,0.0
2015_09_10_19_45_bci_t.csv,0.0
2015_09_10_19_50_bci_t.csv,0.0
2015_09_10_19_55_bci_t.csv,0.0
2015_09_10_20_00_bci_t.csv,0.0
2015_09_10_20_05_bci_t.csv,0.0
2015_09_10_20_10_bci_t.csv,0.0
2015_09_10_20_15_bci_t.csv,0.0
2015_09_10_20_20_bci_t.csv,0.0
2015_09_10_20_25_bci_t.csv,0.0
2015_09_10_20_30_bci_t.csv,0.0
2015_09_10_20_35_bci_t.csv,0.0
2015_09_10_20_40_bci_t.csv,0.0
2015_09_10_20_45_bci_t.csv,0.0
2015_09_10_20_50_bci_t.csv,0.0
2015_09_10_20_55_bci_t.csv,0.0
2015_09_10_21_00_bci_t.csv,0.0
2015_09_10_21_05_bci_t.csv,0.0
2015_09_10_21_10_bci_t.csv,0.0
2015_09_10_21_15_bci_t.csv,0.0
2015_09_10_21_20_bci_t.csv,0.0
2015_09_10_21_25_bci_t.csv,0.0
2015_09_10_21_30_bci_t.csv,0.0
2015_09_10_21_35_bci_t.csv,0.0
2015_09_10_21_40_bci_t.csv,0.0
2015_09_10_21_45_bci_t.csv,0.0
2015_09_10_21_50_bci_t.csv,0.0
2015_09_10_21_55_bci_t.csv,0.0
2015_09_10_22_00_bci_t.csv,0.0
2015_09_10_22_05_bci_t.csv,0.0
2015_09_10_22_10_bci_t.csv,0.0
2015_09_10_22_15_bci_t.csv,0.0
2015_09_10_22_20_bci_t.csv,0.0
2015_09_10_22_25_bci_t.csv,0.0
2015_09_10_22_30_bci_t.csv,0.0
2015_09_10_22_35_bci_t.csv,0.0
2015_09_10_22_40_bci_t.csv,0.0
2015_09_10_22_45_bci_t.csv,0.0
2015_09_10_22_50_bci_t.csv,0.0
2015_09_10_22_55_bci_t.csv,0.0
2015_09_10_23_00_bci_t.csv,0.0
2015_09_10_23_05_bci_t.csv,0.0
2015_09_10_23_10_bci_t.csv,0.0
2015_09_10_23_15_bci_t.csv,0.0
2015_09_10_23_20_bci_t.csv,0.0
2015_09_10_23_25_bci_t.csv,0.0
2015_09_10_23_30_bci_t.csv,0.0
2015_09_10_23_35_bci_t.csv,0.0
2015_09_10_23_40_bci_t.csv,0.0
2015_09_10_23_45_bci_t.csv,0.0
2015_09_10_23_50_bci_t.csv,0.0
2015_09_10_23_55_bci_t.csv,0.0
2015_09_11_00_00_bci_t.csv,0.0
2015_09_11_00_05_bci_t.csv,0.0
2015_09_11_00_10_bci_t.csv,0.0
2015_09_11_00_15_bci_t.csv,0.0
2015_09_11_00_20_bci_t.csv,0.0
2015_09_11_00_25_bci_t.csv,0.0
2015_09_11_00_30_bci_t.csv,0.0
2015_09_11_00_35_bci_t.csv,0.0
2015_09_11_00_40_bci_t.csv,0.0
2015_09_11_00_45_bci_t.csv,0.0
2015_09_11_00_50_bci_t.csv,0.0
2015_09_11_00_55_bci_t.csv,0.0
2015_09_11_01_00_bci_t.csv,0.0
2015_09_11_01_05_bci_t.csv,0.0
2015_09_11_01_10_bci_t.csv,0.0
2015_09_11_01_15_bci_t.csv,0.0
2015_09_11_01_20_bci_t.csv,0.0
2015_09_11_01_25_bci_t.csv,0.0
2015_09_11_01_30_bci_t.csv,0.0
2015_09_11_01_35_bci_t.csv,0.0
2015_09_11_01_40_bci_t.csv,0.0
2015_09_11_01_45_bci_t.csv,0.0
2015_09_11_01_50_bci_t.csv,0.0
2015_09_11_01_55_bci_t.csv,0.0
2015_09_11_02_00_bci_t.csv,0.0
2015_09_11_02_05_bci_t.csv,0.0
2015_09_11_02_10_bci_t.csv,0.0
2015_09_11_02_15_bci_t.csv,0.0
2015_09_11_02_20_bci_t.csv,0.0
2015_09_11_02_25_bci_t.csv,0.0
2015_09_11_02_30_bci_t.csv,0.0
2015_09_11_02_35_bci_t.csv,0.0
2015_09_11_02_40_bci_t.csv,0.0
2015_09_11_02_45_bci_t.csv,0.0
2015_09_11_02_50_bci_t.csv,0.0
2015_09_11_02_55_bci_t.csv,0.0
2015_09_11_03_00_bci_t.csv,0.0
2015_09_11_03_05_bci_t.csv,0.0
2015_09_11_03_10_bci_t.csv,0.0
2015_09_11_03_15_bci_t.csv,0.0
2015_09_11_03_20_bci_t.csv,0.0
2015_09_11_03_25_bci_t.csv,0.0
2015_09_11_03_30_bci_t.csv,0.0
2015_09_11_03_35_bci_t.csv,0.0
2015_09_11_03_40_bci_t.csv,0.0
2015_09_11_03_45_bci_t.csv,0.0
2015_09_11_03_50_bci_t.csv,0.0
2015_09_11_03_55_bci_t.csv,0.0
2015_09_11_04_00_bci_t.csv,0.0
2015_09_11_04_05_bci_t.csv,0.0
2015_09_11_04_10_bci_t.csv,0.0
2015_09_11_04_15_bci_t.csv,0.0
2015_09_11_04_20_bci_t.csv,0.0
2015_09_11_04_25_bci_t.csv,0.0
2015_09_11_04_30_bci_t.csv,0.0
2015_09_11_04_35_bci_t.csv,0.0
2015_09_11_04_40_bci_t.csv,0.0
2015_09_11_04_45_bci_t.csv,0.0
2015_09_11_04_50_bci_t.csv,0.0
2015_09_11_04_55_bci_t.csv,0.0
2015_09_11_05_00_bci_t.csv,0.0
2015_09_11_05_05_bci_t.csv,0.0
2015_09_11_05_10_bci_t.csv,0.0
2015_09_11_05_15_bci_t.csv,0.0
2015_09_11_05_20_bci_t.csv,0.0
2015_09_11_05_25_bci_t.csv,0.0
2015_09_11_05_30_bci_t.csv,0.0
2015_09_11_05_35_bci_t.csv,0.0
2015_09_11_05_40_bci_t.csv,0.0
2015_09_11_05_45_bci_t.csv,0.0
2015_09_11_05_50_bci_t.csv,0.0
2015_09_11_05_55_bci_t.csv,0.0
2015_09_11_06_00_bci_t.csv,0.0
2015_09_11_06_05_bci_t.csv,0.18438838300000002
2015_09_11_06_10_bci_t.csv,0.36877676600000003
2015_09_11_06_15_bci_t.csv,0.553165149
2015_09_11_06_20_bci_t.csv,0.7375535320000001
2015_09_11_06_25_bci_t.csv,0.9219419150000001
2015_09_11_06_30_bci_t.csv,1.106330298
2015_09_11_06_35_bci_t.csv,1.3546410578333334
2015_09_11_06_40_bci_t.csv,1.6029518176666668
2015_09_11_06_45_bci_t.csv,1.8512625775000002
2015_09_11_06_50_bci_t.csv,2.0995733373333336
2015_09_11_06_55_bci_t.csv,2.347884097166667
2015_09_11_07_00_bci_t.csv,2.596194857
2015_09_11_07_05_bci_t.csv,2.1634957141666664
2015_09_11_07_10_bci_t.csv,1.730796571333333
2015_09_11_07_15_bci_t.csv,1.2980974284999998
2015_09_11_07_20_bci_t.csv,0.8653982856666664
2015_09_11_07_25_bci_t.csv,0.4326991428333331
2015_09_11_07_30_bci_t.csv,0.0
2015_09_11_07_35_bci_t.csv,0.0
2015_09_11_07_40_bci_t.csv,0.0
2015_09_11_07_45_bci_t.csv,0.0
2015_09_11_07_50_bci_t.csv,0.0
2015_09_11_07_55_bci_t.csv,0.0
2015_09_11_08_00_bci_t.csv,0.0
2015_09_11_08_05_bci_t.csv,0.546201166
2015_09_11_08_10_bci_t.csv,1.092402332
2015_09_11_08_15_bci_t.csv,1.6386034980000002
2015_09_11_08_20_bci_t.csv,2.184804664
2015_09_11_08_25_bci_t.csv,2.73100583
2015_09_11_08_30_bci_t.csv,3.2772069960000003
2015_09_11_08_35_bci_t.csv,4.220443459833334
2015_09_11_08_40_bci_t.csv,5.163679923666667
2015_09_11_08_45_bci_t.csv,6.1069163875
2015_09_11_08_50_bci_t.csv,7.050152851333333
2015_09_11_08_55_bci_t.csv,7.993389315166667
2015_09_11_09_00_bci_t.csv,8.936625779
2015_09_11_09_05_bci_t.csv,9.327067250833334
2015_09_11_09_10_bci_t.csv,9.717508722666668
2015_09_11_09_15_bci_t.csv,10.107950194500003
2015_09_11_09_20_bci_t.csv,10.498391666333337
2015_09_11_09_25_bci_t.csv,10.888833138166671
2015_09_11_09_30_bci_t.csv,11.27927461
2015_09_11_09_35_bci_t.csv,12.192680150000001
2015_09_11_09_40_bci_t.csv,13.10608569
2015_09_11_09_45_bci_t.csv,14.01949123
2015_09_11_09_50_bci_t.csv,14.93289677
2015_09_11_09_55_bci_t.csv,15.846302309999999
2015_09_11_10_00_bci_t.csv,16.75970785
2015_09_11_10_05_bci_t.csv,16.440255523333335
2015_09_11_10_10_bci_t.csv,16.120803196666667
2015_09_11_10_15_bci_t.csv,15.80135087
2015_09_11_10_20_bci_t.csv,15.481898543333333
2015_09_11_10_25_bci_t.csv,15.162446216666666
2015_09_11_10_30_bci_t.csv,14.84299389
2015_09_11_10_35_bci_t.csv,14.63173034
2015_09_11_10_40_bci_t.csv,14.42046679
2015_09_11_10_45_bci_t.csv,14.20920324
2015_09_11_10_50_bci_t.csv,13.99793969
2015_09_11_10_55_bci_t.csv,13.78667614
2015_09_11_11_00_bci_t.csv,13.57541259
2015_09_11_11_05_bci_t.csv,13.817007631666666
2015_09_11_11_10_bci_t.csv,14.058602673333333
2015_09_11_11_15_bci_t.csv,14.300197715
2015_09_11_11_20_bci_t.csv,14.541792756666666
2015_09_11_11_25_bci_t.csv,14.783387798333333
2015_09_11_11_30_bci_t.csv,15.02498284
2015_09_11_11_35_bci_t.csv,15.854762418333333
2015_09_11_11_40_bci_t.csv,16.684541996666667
2015_09_11_11_45_bci_t.csv,17.514321575
2015_09_11_11_50_bci_t.csv,18.344101153333334
2015_09_11_11_55_bci_t.csv,19.173880731666667
2015_09_11_12_00_bci_t.csv,20.00366031
2015_09_11_12_05_bci_t.csv,21.257542731666668
2015_09_11_12_10_bci_t.csv,22.511425153333334
2015_09_11_12_15_bci_t.csv,23.765307575
2015_09_11_12_20_bci_t.csv,25.019189996666668
2015_09_11_12_25_bci_t.csv,26.273072418333335
2015_09_11_12_30_bci_t.csv,27.52695484
2015_09_11_12_35_bci_t.csv,26.632847201666664
2015_09_11_12_40_bci_t.csv,25.738739563333333
2015_09_11_12_45_bci_t.csv,24.844631925
2015_09_11_12_50_bci_t.csv,23.95052428666667
2015_09_11_12_55_bci_t.csv,23.05641664833334
2015_09_11_13_00_bci_t.csv,22.16230901
2015_09_11_13_05_bci_t.csv,19.856808937333334
2015_09_11_13_10_bci_t.csv,17.551308864666666
2015_09_11_13_15_bci_t.csv,15.245808791999998
2015_09_11_13_20_bci_t.csv,12.94030871933333
2015_09_11_13_25_bci_t.csv,10.634808646666663
2015_09_11_13_30_bci_t.csv,8.329308574
2015_09_11_13_35_bci_t.csv,9.269392821666667
2015_09_11_13_40_bci_t.csv,10.209477069333333
2015_09_11_13_45_bci_t.csv,11.149561317
2015_09_11_13_50_bci_t.csv,12.089645564666666
2015_09_11_13_55_bci_t.csv,13.029729812333333
2015_09_11_14_00_bci_t.csv,13.96981406
2015_09_11_14_05_bci_t.csv,14.293167518333332
2015_09_11_14_10_bci_t.csv,14.616520976666665
2015_09_11_14_15_bci_t.csv,14.939874434999998
2015_09_11_14_20_bci_t.csv,15.263227893333331
2015_09_11_14_25_bci_t.csv,15.586581351666664
2015_09_11_14_30_bci_t.csv,15.90993481
2015_09_11_14_35_bci_t.csv,15.693723878333333
2015_09_11_14_40_bci_t.csv,15.477512946666668
2015_09_11_14_45_bci_t.csv,15.261302015000002
2015_09_11_14_50_bci_t.csv,15.045091083333336
2015_09_11_14_55_bci_t.csv,14.82888015166667
2015_09_11_15_00_bci_t.csv,14.61266922
2015_09_11_15_05_bci_t.csv,13.679122311666667
2015_09_11_15_10_bci_t.csv,12.745575403333333
2015_09_11_15_15_bci_t.csv,11.812028495
2015_09_11_15_20_bci_t.csv,10.878481586666666
2015_09_11_15_25_bci_t.csv,9.944934678333333
2015_09_11_15_30_bci_t.csv,9.01138777
2015_09_11_15_35_bci_t.csv,9.316996826666667
2015_09_11_15_40_bci_t.csv,9.622605883333334
2015_09_11_15_45_bci_t.csv,9.92821494
2015_09_11_15_50_bci_t.csv,10.233823996666667
2015_09_11_15_55_bci_t.csv,10.539433053333333
2015_09_11_16_00_bci_t.csv,10.84504211
2015_09_11_16_05_bci_t.csv,10.140828959833334
2015_09_11_16_10_bci_t.csv,9.436615809666668
2015_09_11_16_15_bci_t.csv,8.732402659500002
2015_09_11_16_20_bci_t.csv,8.028189509333336
2015_09_11_16_25_bci_t.csv,7.323976359166669
2015_09_11_16_30_bci_t.csv,6.619763208999999
2015_09_11_16_35_bci_t.csv,6.950350977333333
2015_09_11_16_40_bci_t.csv,7.280938745666666
2015_09_11_16_45_bci_t.csv,7.6115265139999995
2015_09_11_16_50_bci_t.csv,7.942114282333333
2015_09_11_16_55_bci_t.csv,8.272702050666666
2015_09_11_17_00_bci_t.csv,8.603289819
2015_09_11_17_05_bci_t.csv,7.779106426
2015_09_11_17_10_bci_t.csv,6.954923033
2015_09_11_17_15_bci_t.csv,6.13073964
2015_09_11_17_20_bci_t.csv,5.306556247
2015_09_11_17_25_bci_t.csv,4.482372853999999
2015_09_11_17_30_bci_t.csv,3.658189461
2015_09_11_17_35_bci_t.csv,3.500776677
2015_09_11_17_40_bci_t.csv,3.3433638930000003
2015_09_11_17_45_bci_t.csv,3.1859511090000003
2015_09_11_17_50_bci_t.csv,3.0285383250000004
2015_09_11_17_55_bci_t.csv,2.8711255410000005
2015_09_11_18_00_bci_t.csv,2.7137127569999997
2015_09_11_18_05_bci_t.csv,2.2614272974999996
2015_09_11_18_10_bci_t.csv,1.8091418379999997
2015_09_11_18_15_bci_t.csv,1.3568563784999998
2015_09_11_18_20_bci_t.csv,0.904570919
2015_09_11_18_25_bci_t.csv,0.45228545950000004
2015_09_11_18_30_bci_t.csv,0.0
2015_09_11_18_35_bci_t.csv,0.0
2015_09_11_18_40_bci_t.csv,0.0
2015_09_11_18_45_bci_t.csv,0.0
2015_09_11_18_50_bci_t.csv,0.0
2015_09_11_18_55_bci_t.csv,0.0
2015_09_11_19_00_bci_t.csv,0.0
2015_09_11_19_05_bci_t.csv,0.0
2015_09_11_19_10_bci_t.csv,0.0
2015_09_11_19_15_bci_t.csv,0.0
2015_09_11_19_20_bci_t.csv,0.0
2015_09_11_19_25_bci_t.csv,0.0
2015_09_11_19_30_bci_t.csv,0.0
2015_09_11_19_35_bci_t.csv,0.0
2015_09_11_19_40_bci_t.csv,0.0
2015_09_11_19_45_bci_t.csv,0.0
2015_09_11_19_50_bci_t.csv,0.0
2015_09_11_19_55_bci_t.csv,0.0
2015_09_11_20_00_bci_t.csv,0.0
2015_09_11_21_35_bci_t.csv,2.7043809050000003
2015_09_11_21_40_bci_t.csv,5.408761810000001
2015_09_17_11_35_bci_t.csv,8.113142715
2015_09_17_11_40_bci_t.csv,10.817523620000001
2015_09_17_11_45_bci_t.csv,13.521904525000002
2015_09_17_11_45_bci_t.csv,16.22628543
2015_09_11_21_35_bci_t.csv,18.548647521666666
2015_09_11_21_40_bci_t.csv,20.87100961333333
2015_09_17_11_35_bci_t.csv,23.193371704999997
2015_09_17_11_40_bci_t.csv,25.515733796666662
2015_09_17_11_45_bci_t.csv,27.838095888333328
2015_09_17_12_15_bci_t.csv,30.16045798
2015_09_11_21_35_bci_t.csv,29.005973985
2015_09_11_21_40_bci_t.csv,27.85148999
2015_09_17_11_35_bci_t.csv,26.697005995
2015_09_17_11_40_bci_t.csv,25.542522
2015_09_17_11_45_bci_t.csv,24.388038005000002
2015_09_17_12_45_bci_t.csv,23.23355401
2015_09_17_12_35_bci_t.csv,23.640410985
2015_09_17_12_40_bci_t.csv,24.04726796
2015_09_17_12_45_bci_t.csv,24.454124935
2015_09_17_12_50_bci_t.csv,24.86098191
2015_09_17_12_55_bci_t.csv,25.267838885
2015_09_17_13_15_bci_t.csv,25.67469586
2015_09_17_12_35_bci_t.csv,25.614696340000002
2015_09_17_12_40_bci_t.csv,25.554696820000004
2015_09_17_12_45_bci_t.csv,25.494697300000006
2015_09_17_12_50_bci_t.csv,25.434697780000008
2015_09_17_12_55_bci_t.csv,25.37469826000001
2015_09_17_13_45_bci_t.csv,25.31469874
2015_09_17_13_35_bci_t.csv,24.855525835
2015_09_17_13_40_bci_t.csv,24.396352930000003
2015_09_17_13_45_bci_t.csv,23.937180025000004
2015_09_17_13_50_bci_t.csv,23.478007120000004
2015_09_17_13_55_bci_t.csv,23.018834215000005
2015_09_17_14_15_bci_t.csv,22.55966131
2015_09_17_13_35_bci_t.csv,21.591626176666665
2015_09_17_13_40_bci_t.csv,20.62359104333333
2015_09_17_13_45_bci_t.csv,19.655555909999997
2015_09_17_13_50_bci_t.csv,18.687520776666663
2015_09_17_13_55_bci_t.csv,17.71948564333333
2015_09_17_14_45_bci_t.csv,16.75145051
2015_09_17_14_35_bci_t.csv,17.313268371666666
2015_09_17_14_40_bci_t.csv,17.875086233333334
2015_09_17_14_45_bci_t.csv,18.436904095000003
2015_09_17_14_50_bci_t.csv,18.99872195666667
2015_09_17_14_55_bci_t.csv,19.56053981833334
2015_09_17_15_15_bci_t.csv,20.12235768
2015_09_17_14_35_bci_t.csv,19.689649283333335
2015_09_17_14_40_bci_t.csv,19.25694088666667
2015_09_17_14_45_bci_t.csv,18.824232490000004
2015_09_17_14_50_bci_t.csv,18.391524093333338
2015_09_17_14_55_bci_t.csv,17.958815696666672
2015_09_17_15_45_bci_t.csv,17.5261073
2015_09_17_15_35_bci_t.csv,17.074133275
2015_09_17_15_40_bci_t.csv,16.622159250000003
2015_09_17_15_45_bci_t.csv,16.170185225000004
2015_09_17_15_50_bci_t.csv,15.718211200000004
2015_09_17_15_55_bci_t.csv,15.266237175000004
2015_09_17_16_15_bci_t.csv,14.81426315
2015_09_17_15_35_bci_t.csv,13.540070439666668
2015_09_17_15_40_bci_t.csv,12.265877729333335
2015_09_17_15_45_bci_t.csv,10.991685019000002
2015_09_17_15_50_bci_t.csv,9.71749230866667
2015_09_17_15_55_bci_t.csv,8.443299598333336
2015_09_17_16_45_bci_t.csv,7.169106888
2015_09_17_16_35_bci_t.csv,6.766894969666667
2015_09_17_16_40_bci_t.csv,6.3646830513333335
2015_09_17_16_45_bci_t.csv,5.962471133
2015_09_17_16_50_bci_t.csv,5.560259214666667
2015_09_17_16_55_bci_t.csv,5.158047296333334
2015_09_17_17_15_bci_t.csv,4.7558353780000004
2015_09_17_16_35_bci_t.csv,4.1661027285
2015_09_17_16_40_bci_t.csv,3.576370079
2015_09_17_16_45_bci_t.csv,2.9866374295
2015_09_17_16_50_bci_t.csv,2.39690478
2015_09_17_16_55_bci_t.csv,1.8071721304999997
2015_09_17_17_45_bci_t.csv,1.217439481
2015_09_17_17_35_bci_t.csv,1.0145329008333333
2015_09_17_17_40_bci_t.csv,0.8116263206666666
2015_09_17_17_45_bci_t.csv,0.6087197405
2015_09_17_17_50_bci_t.csv,0.40581316033333337
2015_09_17_17_55_bci_t.csv,0.2029065801666667
2015_09_17_18_15_bci_t.csv,0.0
2015_09_17_17_35_bci_t.csv,0.0
2015_09_17_17_40_bci_t.csv,0.0
2015_09_17_17_45_bci_t.csv,0.0
2015_09_17_17_50_bci_t.csv,0.0
2015_09_17_17_55_bci_t.csv,0.0
2015_09_17_18_45_bci_t.csv,0.0
2015_09_17_18_35_bci_t.csv,0.0
2015_09_17_18_40_bci_t.csv,0.0
2015_09_17_18_45_bci_t.csv,0.0
2015_09_17_18_50_bci_t.csv,0.0
2015_09_17_18_55_bci_t.csv,0.0
2015_09_17_19_15_bci_t.csv,0.0
2015_09_17_18_35_bci_t.csv,0.0
2015_09_17_18_40_bci_t.csv,0.0
2015_09_17_18_45_bci_t.csv,0.0
2015_09_17_18_50_bci_t.csv,0.0
2015_09_17_18_55_bci_t.csv,0.0
2015_09_17_19_45_bci_t.csv,0.0
2015_09_17_19_35_bci_t.csv,0.0
2015_09_17_19_40_bci_t.csv,0.0
2015_09_17_19_45_bci_t.csv,0.0
2015_09_17_19_50_bci_t.csv,0.0
2015_09_17_19_55_bci_t.csv,0.0
2015_09_17_20_15_bci_t.csv,0.0
2015_09_17_19_35_bci_t.csv,0.0
2015_09_17_19_40_bci_t.csv,0.0
2015_09_17_19_45_bci_t.csv,0.0
2015_09_17_19_50_bci_t.csv,0.0
2015_09_17_19_55_bci_t.csv,0.0
2015_09_17_20_45_bci_t.csv,0.0
2015_09_17_20_35_bci_t.csv,0.0
2015_09_17_20_40_bci_t.csv,0.0
2015_09_17_20_45_bci_t.csv,0.0
2015_09_17_20_50_bci_t.csv,0.0
2015_09_17_20_55_bci_t.csv,0.0
2015_09_17_21_15_bci_t.csv,0.0
2015_09_17_20_35_bci_t.csv,0.0
2015_09_17_20_40_bci_t.csv,0.0
2015_09_17_20_45_bci_t.csv,0.0
2015_09_17_20_50_bci_t.csv,0.0
2015_09_17_20_55_bci_t.csv,0.0
2015_09_17_21_45_bci_t.csv,0.0
2015_09_17_21_35_bci_t.csv,0.0
2015_09_17_21_40_bci_t.csv,0.0
2015_09_17_21_45_bci_t.csv,0.0
2015_09_17_21_50_bci_t.csv,0.0
2015_09_17_21_55_bci_t.csv,0.0
2015_09_17_22_15_bci_t.csv,0.0
2015_09_17_21_35_bci_t.csv,0.0
2015_09_17_21_40_bci_t.csv,0.0
2015_09_17_21_45_bci_t.csv,0.0
2015_09_17_21_50_bci_t.csv,0.0
2015_09_17_21_55_bci_t.csv,0.0
2015_09_17_22_45_bci_t.csv,0.0
2015_09_17_22_35_bci_t.csv,0.0
2015_09_17_22_40_bci_t.csv,0.0
2015_09_17_22_45_bci_t.csv,0.0
2015_09_17_22_50_bci_t.csv,0.0
2015_09_17_22_55_bci_t.csv,0.0
2015_09_17_23_15_bci_t.csv,0.0
2015_09_17_22_35_bci_t.csv,0.0
2015_09_17_22_40_bci_t.csv,0.0
2015_09_17_22_45_bci_t.csv,0.0
2015_09_17_22_50_bci_t.csv,0.0
2015_09_17_22_55_bci_t.csv,0.0
2015_09_17_23_45_bci_t.csv,0.0
2015_09_17_23_35_bci_t.csv,0.0
2015_09_17_23_40_bci_t.csv,0.0
2015_09_17_23_45_bci_t.csv,0.0
2015_09_17_23_50_bci_t.csv,0.0
2015_09_17_23_55_bci_t.csv,0.0
2015_09_18_00_15_bci_t.csv,0.0
2015_09_17_23_35_bci_t.csv,0.0
2015_09_17_23_40_bci_t.csv,0.0
2015_09_17_23_45_bci_t.csv,0.0
2015_09_17_23_50_bci_t.csv,0.0
2015_09_17_23_55_bci_t.csv,0.0
2015_09_18_00_45_bci_t.csv,0.0
2015_09_18_00_35_bci_t.csv,0.0
2015_09_18_00_40_bci_t.csv,0.0
2015_09_18_00_45_bci_t.csv,0.0
2015_09_18_00_50_bci_t.csv,0.0
2015_09_18_00_55_bci_t.csv,0.0
2015_09_18_01_15_bci_t.csv,0.0
2015_09_18_00_35_bci_t.csv,0.0
2015_09_18_00_40_bci_t.csv,0.0
2015_09_18_00_45_bci_t.csv,0.0
2015_09_18_00_50_bci_t.csv,0.0
2015_09_18_00_55_bci_t.csv,0.0
2015_09_18_01_45_bci_t.csv,0.0
2015_09_18_01_35_bci_t.csv,0.0
2015_09_18_01_40_bci_t.csv,0.0
2015_09_18_01_45_bci_t.csv,0.0
2015_09_18_01_50_bci_t.csv,0.0
2015_09_18_01_55_bci_t.csv,0.0
2015_09_18_02_15_bci_t.csv,0.0
2015_09_18_01_35_bci_t.csv,0.0
2015_09_18_01_40_bci_t.csv,0.0
2015_09_18_01_45_bci_t.csv,0.0
2015_09_18_01_50_bci_t.csv,0.0
2015_09_18_01_55_bci_t.csv,0.0
2015_09_18_02_45_bci_t.csv,0.0
2015_09_18_02_35_bci_t.csv,0.0
2015_09_18_02_40_bci_t.csv,0.0
2015_09_18_02_45_bci_t.csv,0.0
2015_09_18_02_50_bci_t.csv,0.0
2015_09_18_02_55_bci_t.csv,0.0
2015_09_18_03_15_bci_t.csv,0.0
2015_09_18_02_35_bci_t.csv,0.0
2015_09_18_02_40_bci_t.csv,0.0
2015_09_18_02_45_bci_t.csv,0.0
2015_09_18_02_50_bci_t.csv,0.0
2015_09_18_02_55_bci_t.csv,0.0
2015_09_18_03_45_bci_t.csv,0.0
2015_09_18_03_35_bci_t.csv,0.0
2015_09_18_03_40_bci_t.csv,0.0
2015_09_18_03_45_bci_t.csv,0.0
2015_09_18_03_50_bci_t.csv,0.0
2015_09_18_03_55_bci_t.csv,0.0
2015_09_18_04_15_bci_t.csv,0.0
2015_09_18_03_35_bci_t.csv,0.0
2015_09_18_03_40_bci_t.csv,0.0
2015_09_18_03_45_bci_t.csv,0.0
2015_09_18_03_50_bci_t.csv,0.0
2015_09_18_03_55_bci_t.csv,0.0
2015_09_18_04_45_bci_t.csv,0.0
2015_09_18_04_35_bci_t.csv,0.0
2015_09_18_04_40_bci_t.csv,0.0
2015_09_18_04_45_bci_t.csv,0.0
2015_09_18_04_50_bci_t.csv,0.0
2015_09_18_04_55_bci_t.csv,0.0
2015_09_18_05_15_bci_t.csv,0.0
2015_09_18_04_35_bci_t.csv,0.0
2015_09_18_04_40_bci_t.csv,0.0
2015_09_18_04_45_bci_t.csv,0.0
2015_09_18_04_50_bci_t.csv,0.0
2015_09_18_04_55_bci_t.csv,0.0
2015_09_18_05_45_bci_t.csv,0.0
2015_09_18_05_35_bci_t.csv,0.0
2015_09_18_05_40_bci_t.csv,0.0
2015_09_18_05_45_bci_t.csv,0.0
2015_09_18_05_50_bci_t.csv,0.0
2015_09_18_05_55_bci_t.csv,0.0
2015_09_18_06_15_bci_t.csv,0.0
2015_09_18_05_35_bci_t.csv,0.39808016949999997
2015_09_18_05_40_bci_t.csv,0.7961603389999999
2015_09_18_05_45_bci_t.csv,1.1942405084999999
2015_09_18_05_50_bci_t.csv,1.5923206779999999
2015_09_18_05_55_bci_t.csv,1.9904008475
2015_09_18_06_45_bci_t.csv,2.3884810169999997
2015_09_18_06_35_bci_t.csv,2.552942769833333
2015_09_18_06_40_bci_t.csv,2.717404522666666
2015_09_18_06_45_bci_t.csv,2.8818662754999993
2015_09_18_06_50_bci_t.csv,3.0463280283333325
2015_09_18_06_55_bci_t.csv,3.2107897811666657
2015_09_18_07_15_bci_t.csv,3.3752515339999998
2015_09_18_06_35_bci_t.csv,4.286498206499999
2015_09_18_06_40_bci_t.csv,5.197744878999999
2015_09_18_06_45_bci_t.csv,6.108991551499999
2015_09_18_06_50_bci_t.csv,7.020238223999999
2015_09_18_06_55_bci_t.csv,7.931484896499999
2015_09_18_07_45_bci_t.csv,8.842731569
2015_09_18_07_35_bci_t.csv,9.862818794166667
2015_09_18_07_40_bci_t.csv,10.882906019333333
2015_09_18_07_45_bci_t.csv,11.9029932445
2015_09_18_07_50_bci_t.csv,12.923080469666665
2015_09_18_07_55_bci_t.csv,13.943167694833331
2015_09_18_08_15_bci_t.csv,14.96325492
2015_09_18_07_35_bci_t.csv,15.684679635
2015_09_18_07_40_bci_t.csv,16.40610435
2015_09_18_07_45_bci_t.csv,17.127529065
2015_09_18_07_50_bci_t.csv,17.848953780000002
2015_09_18_07_55_bci_t.csv,18.570378495000003
2015_09_18_08_45_bci_t.csv,19.29180321
2015_09_18_08_35_bci_t.csv,19.881624583333334
2015_09_18_08_40_bci_t.csv,20.471445956666667
2015_09_18_08_45_bci_t.csv,21.06126733
2015_09_18_08_50_bci_t.csv,21.651088703333333
2015_09_18_08_55_bci_t.csv,22.240910076666665
2015_09_18_09_15_bci_t.csv,22.83073145
2015_09_18_08_35_bci_t.csv,22.130328988333332
2015_09_18_08_40_bci_t.csv,21.429926526666666
2015_09_18_08_45_bci_t.csv,20.729524065
2015_09_18_08_50_bci_t.csv,20.029121603333333
2015_09_18_08_55_bci_t.csv,19.328719141666667
2015_09_18_09_45_bci_t.csv,18.62831668
2015_09_18_09_35_bci_t.csv,20.410182396666666
2015_09_18_09_40_bci_t.csv,22.192048113333332
2015_09_18_09_45_bci_t.csv,23.973913829999997
2015_09_18_09_50_bci_t.csv,25.755779546666663
2015_09_18_09_55_bci_t.csv,27.537645263333328
2015_09_18_10_15_bci_t.csv,29.31951098
2015_09_18_09_35_bci_t.csv,28.695138511666666
2015_09_18_09_40_bci_t.csv,28.070766043333332
2015_09_18_09_45_bci_t.csv,27.446393575
2015_09_18_09_50_bci_t.csv,26.822021106666664
2015_09_18_09_55_bci_t.csv,26.19764863833333
2015_09_18_10_45_bci_t.csv,25.57327617
2015_09_18_10_35_bci_t.csv,25.25610226
2015_09_18_10_40_bci_t.csv,24.938928349999998
2015_09_18_10_45_bci_t.csv,24.621754439999997
2015_09_18_10_50_bci_t.csv,24.304580529999996
2015_09_18_10_55_bci_t.csv,23.987406619999994
2015_09_18_11_15_bci_t.csv,23.67023271
2015_09_18_10_35_bci_t.csv,25.924646928333335
2015_09_18_10_40_bci_t.csv,28.17906114666667
2015_09_18_10_45_bci_t.csv,30.433475365000003
2015_09_18_10_50_bci_t.csv,32.68788958333334
2015_09_18_10_55_bci_t.csv,34.94230380166667
2015_09_18_11_45_bci_t.csv,37.19671802
2015_09_18_11_35_bci_t.csv,36.425736735
2015_09_18_11_40_bci_t.csv,35.65475545
2015_09_18_11_45_bci_t.csv,34.883774165000005
2015_09_18_11_50_bci_t.csv,34.11279288000001
2015_09_18_11_55_bci_t.csv,33.34181159500001
2015_09_18_12_15_bci_t.csv,32.57083031
2015_09_18_11_35_bci_t.csv,31.850081489999997
2015_09_18_11_40_bci_t.csv,31.129332669999997
2015_09_18_11_45_bci_t.csv,30.408583849999996
2015_09_18_11_50_bci_t.csv,29.687835029999995
2015_09_18_11_55_bci_t.csv,28.967086209999994
2015_09_18_12_45_bci_t.csv,28.24633739
2015_09_18_12_35_bci_t.csv,28.066171395
2015_09_18_12_40_bci_t.csv,27.886005400000002
2015_09_18_12_45_bci_t.csv,27.705839405000003
2015_09_18_12_50_bci_t.csv,27.525673410000003
2015_09_18_12_55_bci_t.csv,27.345507415000004
2015_09_18_13_15_bci_t.csv,27.16534142
2015_09_18_12_35_bci_t.csv,27.299131241666668
2015_09_18_12_40_bci_t.csv,27.432921063333335
2015_09_18_12_45_bci_t.csv,27.566710885000003
2015_09_18_12_50_bci_t.csv,27.70050070666667
2015_09_18_12_55_bci_t.csv,27.834290528333337
2015_09_18_13_45_bci_t.csv,27.96808035
2015_09_18_13_35_bci_t.csv,27.859159730000002
2015_09_18_13_40_bci_t.csv,27.750239110000003
2015_09_18_13_45_bci_t.csv,27.641318490000003
2015_09_18_13_50_bci_t.csv,27.532397870000004
2015_09_18_13_55_bci_t.csv,27.423477250000005
2015_09_18_14_15_bci_t.csv,27.31455663
2015_09_18_13_35_bci_t.csv,27.14156514333333
2015_09_18_13_40_bci_t.csv,26.968573656666663
2015_09_18_13_45_bci_t.csv,26.795582169999996
2015_09_18_13_50_bci_t.csv,26.62259068333333
2015_09_18_13_55_bci_t.csv,26.44959919666666
2015_09_18_14_45_bci_t.csv,26.27660771
2015_09_18_14_35_bci_t.csv,25.261124883333334
2015_09_18_14_40_bci_t.csv,24.245642056666668
2015_09_18_14_45_bci_t.csv,23.23015923
2015_09_18_14_50_bci_t.csv,22.214676403333335
2015_09_18_14_55_bci_t.csv,21.19919357666667
2015_09_18_15_15_bci_t.csv,20.18371075
2015_09_18_14_35_bci_t.csv,19.333733613333333
2015_09_18_14_40_bci_t.csv,18.483756476666667
2015_09_18_14_45_bci_t.csv,17.63377934
2015_09_18_14_50_bci_t.csv,16.783802203333334
2015_09_18_14_55_bci_t.csv,15.933825066666667
2015_09_18_15_45_bci_t.csv,15.08384793
2015_09_18_15_35_bci_t.csv,13.9682750995
2015_09_18_15_40_bci_t.csv,12.852702269
2015_09_18_15_45_bci_t.csv,11.7371294385
2015_09_18_15_50_bci_t.csv,10.621556608
2015_09_18_15_55_bci_t.csv,9.505983777500001
2015_09_18_16_15_bci_t.csv,8.390410947000001
2015_09_18_15_35_bci_t.csv,8.136109264500002
2015_09_18_15_40_bci_t.csv,7.881807582000001
2015_09_18_15_45_bci_t.csv,7.627505899500001
2015_09_18_15_50_bci_t.csv,7.3732042170000005
2015_09_18_15_55_bci_t.csv,7.1189025345
2015_09_18_16_45_bci_t.csv,6.864600852000001
2015_09_18_16_35_bci_t.csv,6.203266854666667
2015_09_18_16_40_bci_t.csv,5.541932857333334
2015_09_18_16_45_bci_t.csv,4.880598860000001
2015_09_18_16_50_bci_t.csv,4.219264862666668
2015_09_18_16_55_bci_t.csv,3.5579308653333346
2015_09_18_17_15_bci_t.csv,2.896596868
2015_09_18_16_35_bci_t.csv,2.4138307233333336
2015_09_18_16_40_bci_t.csv,1.931064578666667
2015_09_18_16_45_bci_t.csv,1.4482984340000002
2015_09_18_16_50_bci_t.csv,0.9655322893333336
2015_09_18_16_55_bci_t.csv,0.4827661446666669
2015_09_18_17_45_bci_t.csv,0.0
2015_09_18_17_35_bci_t.csv,0.0
2015_09_18_17_40_bci_t.csv,0.0
2015_09_18_17_45_bci_t.csv,0.0
2015_09_18_17_50_bci_t.csv,0.0
2015_09_18_17_55_bci_t.csv,0.0
2015_09_18_18_15_bci_t.csv,0.0
2015_09_18_17_35_bci_t.csv,0.0
2015_09_18_17_40_bci_t.csv,0.0
2015_09_18_17_45_bci_t.csv,0.0
2015_09_18_17_50_bci_t.csv,0.0
2015_09_18_17_55_bci_t.csv,0.0
2015_09_18_18_45_bci_t.csv,0.0
2015_09_18_18_35_bci_t.csv,0.0
2015_09_18_18_40_bci_t.csv,0.0
2015_09_18_18_45_bci_t.csv,0.0
2015_09_18_18_50_bci_t.csv,0.0
2015_09_18_18_55_bci_t.csv,0.0
2015_09_18_19_15_bci_t.csv,0.0
2015_09_18_18_35_bci_t.csv,0.0
2015_09_18_18_40_bci_t.csv,0.0
2015_09_18_18_45_bci_t.csv,0.0
2015_09_18_18_50_bci_t.csv,0.0
2015_09_18_18_55_bci_t.csv,0.0
2015_09_18_19_45_bci_t.csv,0.0
2015_09_18_19_35_bci_t.csv,0.0
2015_09_18_19_40_bci_t.csv,0.0
2015_09_18_19_45_bci_t.csv,0.0
2015_09_18_19_50_bci_t.csv,0.0
2015_09_18_19_55_bci_t.csv,0.0
2015_09_18_20_15_bci_t.csv,0.0
2015_09_18_19_35_bci_t.csv,0.0
2015_09_18_19_40_bci_t.csv,0.0
2015_09_18_19_45_bci_t.csv,0.0
2015_09_18_19_50_bci_t.csv,0.0
2015_09_18_19_55_bci_t.csv,0.0
2015_09_18_20_45_bci_t.csv,0.0
2015_09_18_20_35_bci_t.csv,0.0
2015_09_18_20_40_bci_t.csv,0.0
2015_09_18_20_45_bci_t.csv,0.0
2015_09_18_20_50_bci_t.csv,0.0
2015_09_18_20_55_bci_t.csv,0.0
2015_09_18_21_15_bci_t.csv,0.0
2015_09_18_20_35_bci_t.csv,0.0
2015_09_18_20_40_bci_t.csv,0.0
2015_09_18_20_45_bci_t.csv,0.0
2015_09_18_20_50_bci_t.csv,0.0
2015_09_18_20_55_bci_t.csv,0.0
2015_09_18_21_45_bci_t.csv,0.0
2015_09_18_21_35_bci_t.csv,0.0
2015_09_18_21_40_bci_t.csv,0.0
2015_09_18_21_45_bci_t.csv,0.0
2015_09_18_21_50_bci_t.csv,0.0
2015_09_18_21_55_bci_t.csv,0.0
2015_09_18_22_15_bci_t.csv,0.0
2015_09_18_21_35_bci_t.csv,0.0
2015_09_18_21_40_bci_t.csv,0.0
2015_09_18_21_45_bci_t.csv,0.0
2015_09_18_21_50_bci_t.csv,0.0
2015_09_18_21_55_bci_t.csv,0.0
2015_09_18_22_45_bci_t.csv,0.0
2015_09_18_22_35_bci_t.csv,0.0
2015_09_18_22_40_bci_t.csv,0.0
2015_09_18_22_45_bci_t.csv,0.0
2015_09_18_22_50_bci_t.csv,0.0
2015_09_18_22_55_bci_t.csv,0.0
2015_09_18_23_15_bci_t.csv,0.0
2015_09_18_22_35_bci_t.csv,0.0
2015_09_18_22_40_bci_t.csv,0.0
2015_09_18_22_45_bci_t.csv,0.0
2015_09_18_22_50_bci_t.csv,0.0
2015_09_18_22_55_bci_t.csv,0.0
2015_09_18_23_45_bci_t.csv,0.0
2015_09_18_23_35_bci_t.csv,0.0
2015_09_18_23_40_bci_t.csv,0.0
2015_09_18_23_45_bci_t.csv,0.0
2015_09_18_23_50_bci_t.csv,0.0
2015_09_18_23_55_bci_t.csv,0.0
2015_09_19_00_15_bci_t.csv,0.0
2015_09_18_23_35_bci_t.csv,0.0
2015_09_18_23_40_bci_t.csv,0.0
2015_09_18_23_45_bci_t.csv,0.0
2015_09_18_23_50_bci_t.csv,0.0
2015_09_18_23_55_bci_t.csv,0.0
2015_09_19_00_45_bci_t.csv,0.0
2015_09_19_00_35_bci_t.csv,0.0
2015_09_19_00_40_bci_t.csv,0.0
2015_09_19_00_45_bci_t.csv,0.0
2015_09_19_00_50_bci_t.csv,0.0
2015_09_19_00_55_bci_t.csv,0.0
2015_09_19_01_15_bci_t.csv,0.0
2015_09_19_00_35_bci_t.csv,0.0
2015_09_19_00_40_bci_t.csv,0.0
2015_09_19_00_45_bci_t.csv,0.0
2015_09_19_00_50_bci_t.csv,0.0
2015_09_19_00_55_bci_t.csv,0.0
2015_09_19_01_45_bci_t.csv,0.0
2015_09_19_01_35_bci_t.csv,0.0
2015_09_19_01_40_bci_t.csv,0.0
2015_09_19_01_45_bci_t.csv,0.0
2015_09_19_01_50_bci_t.csv,0.0
2015_09_19_01_55_bci_t.csv,0.0
2015_09_19_02_15_bci_t.csv,0.0
2015_09_19_01_35_bci_t.csv,0.0
2015_09_19_01_40_bci_t.csv,0.0
2015_09_19_01_45_bci_t.csv,0.0
2015_09_19_01_50_bci_t.csv,0.0
2015_09_19_01_55_bci_t.csv,0.0
2015_09_19_02_45_bci_t.csv,0.0
2015_09_19_02_35_bci_t.csv,0.0
2015_09_19_02_40_bci_t.csv,0.0
2015_09_19_02_45_bci_t.csv,0.0
2015_09_19_02_50_bci_t.csv,0.0
2015_09_19_02_55_bci_t.csv,0.0
2015_09_19_03_15_bci_t.csv,0.0
2015_09_19_02_35_bci_t.csv,0.0
2015_09_19_02_40_bci_t.csv,0.0
2015_09_19_02_45_bci_t.csv,0.0
2015_09_19_02_50_bci_t.csv,0.0
2015_09_19_02_55_bci_t.csv,0.0
2015_09_19_03_45_bci_t.csv,0.0
2015_09_19_03_35_bci_t.csv,0.0
2015_09_19_03_40_bci_t.csv,0.0
2015_09_19_03_45_bci_t.csv,0.0
2015_09_19_03_50_bci_t.csv,0.0
2015_09_19_03_55_bci_t.csv,0.0
2015_09_19_04_15_bci_t.csv,0.0
2015_09_19_03_35_bci_t.csv,0.0
2015_09_19_03_40_bci_t.csv,0.0
2015_09_19_03_45_bci_t.csv,0.0
2015_09_19_03_50_bci_t.csv,0.0
2015_09_19_03_55_bci_t.csv,0.0
2015_09_19_04_45_bci_t.csv,0.0
2015_09_19_04_35_bci_t.csv,0.0
2015_09_19_04_40_bci_t.csv,0.0
2015_09_19_04_45_bci_t.csv,0.0
2015_09_19_04_50_bci_t.csv,0.0
2015_09_19_04_55_bci_t.csv,0.0
2015_09_19_05_15_bci_t.csv,0.0
2015_09_19_04_35_bci_t.csv,0.0
2015_09_19_04_40_bci_t.csv,0.0
2015_09_19_04_45_bci_t.csv,0.0
2015_09_19_04_50_bci_t.csv,0.0
2015_09_19_04_55_bci_t.csv,0.0
2015_09_19_05_45_bci_t.csv,0.0
2015_09_19_05_35_bci_t.csv,0.2787467735
2015_09_19_05_40_bci_t.csv,0.557493547
2015_09_19_05_45_bci_t.csv,0.8362403205
2015_09_19_05_50_bci_t.csv,1.114987094
2015_09_19_05_55_bci_t.csv,1.3937338675
2015_09_19_06_15_bci_t.csv,1.672480641
2015_09_19_05_35_bci_t.csv,1.6363521178333333
2015_09_19_05_40_bci_t.csv,1.6002235946666667
2015_09_19_05_45_bci_t.csv,1.5640950715000002
2015_09_19_05_50_bci_t.csv,1.5279665483333336
2015_09_19_05_55_bci_t.csv,1.491838025166667
2015_09_19_06_45_bci_t.csv,1.455709502
2015_09_19_06_35_bci_t.csv,2.2269244681666667
2015_09_19_06_40_bci_t.csv,2.9981394343333334
2015_09_19_06_45_bci_t.csv,3.7693544005
2015_09_19_06_50_bci_t.csv,4.540569366666666
2015_09_19_06_55_bci_t.csv,5.311784332833333
2015_09_19_07_15_bci_t.csv,6.082999299
2015_09_19_06_35_bci_t.csv,6.9377744075
2015_09_19_06_40_bci_t.csv,7.792549516
2015_09_19_06_45_bci_t.csv,8.6473246245
2015_09_19_06_50_bci_t.csv,9.502099733
2015_09_19_06_55_bci_t.csv,10.3568748415
2015_09_19_07_45_bci_t.csv,11.21164995
2015_09_19_07_35_bci_t.csv,11.649553198333333
2015_09_19_07_40_bci_t.csv,12.087456446666666
2015_09_19_07_45_bci_t.csv,12.525359694999999
2015_09_19_07_50_bci_t.csv,12.963262943333332
2015_09_19_07_55_bci_t.csv,13.401166191666665
2015_09_19_08_15_bci_t.csv,13.83906944
2015_09_19_07_35_bci_t.csv,14.207152498333333
2015_09_19_07_40_bci_t.csv,14.575235556666666
2015_09_19_07_45_bci_t.csv,14.943318614999999
2015_09_19_07_50_bci_t.csv,15.311401673333332
2015_09_19_07_55_bci_t.csv,15.679484731666665
2015_09_19_08_45_bci_t.csv,16.04756779
2015_09_19_08_35_bci_t.csv,15.134817921666667
2015_09_19_08_40_bci_t.csv,14.222068053333334
2015_09_19_08_45_bci_t.csv,13.309318185000002
2015_09_19_08_50_bci_t.csv,12.39656831666667
2015_09_19_08_55_bci_t.csv,11.483818448333338
2015_09_19_09_15_bci_t.csv,10.57106858
2015_09_19_08_35_bci_t.csv,12.933851851666667
2015_09_19_08_40_bci_t.csv,15.296635123333333
2015_09_19_08_45_bci_t.csv,17.659418395
2015_09_19_08_50_bci_t.csv,20.022201666666668
2015_09_19_08_55_bci_t.csv,22.384984938333336
2015_09_19_09_45_bci_t.csv,24.74776821
2015_09_19_09_35_bci_t.csv,24.407233721666667
2015_09_19_09_40_bci_t.csv,24.066699233333335
2015_09_19_09_45_bci_t.csv,23.726164745000002
2015_09_19_09_50_bci_t.csv,23.38563025666667
2015_09_19_09_55_bci_t.csv,23.045095768333336
2015_09_19_10_15_bci_t.csv,22.70456128
2015_09_19_09_35_bci_t.csv,21.726135521666667
2015_09_19_09_40_bci_t.csv,20.747709763333333
2015_09_19_09_45_bci_t.csv,19.769284005
2015_09_19_09_50_bci_t.csv,18.790858246666666
2015_09_19_09_55_bci_t.csv,17.812432488333332
2015_09_19_10_45_bci_t.csv,16.83400673
2015_09_19_10_35_bci_t.csv,17.740466013333332
2015_09_19_10_40_bci_t.csv,18.646925296666666
2015_09_19_10_45_bci_t.csv,19.55338458
2015_09_19_10_50_bci_t.csv,20.459843863333333
2015_09_19_10_55_bci_t.csv,21.366303146666667
2015_09_19_11_15_bci_t.csv,22.27276243
2015_09_19_10_35_bci_t.csv,21.953406058333332
2015_09_19_10_40_bci_t.csv,21.634049686666664
2015_09_19_10_45_bci_t.csv,21.314693314999996
2015_09_19_10_50_bci_t.csv,20.995336943333328
2015_09_19_10_55_bci_t.csv,20.67598057166666
2015_09_19_11_45_bci_t.csv,20.3566242
2015_09_19_11_35_bci_t.csv,20.772785406666664
2015_09_19_11_40_bci_t.csv,21.18894661333333
2015_09_19_11_45_bci_t.csv,21.605107819999994
2015_09_19_11_50_bci_t.csv,22.02126902666666
2015_09_19_11_55_bci_t.csv,22.437430233333323
2015_09_19_12_15_bci_t.csv,22.85359144
2015_09_19_11_35_bci_t.csv,23.01447887333333
2015_09_19_11_40_bci_t.csv,23.175366306666664
2015_09_19_11_45_bci_t.csv,23.336253739999997
2015_09_19_11_50_bci_t.csv,23.49714117333333
2015_09_19_11_55_bci_t.csv,23.65802860666666
2015_09_19_12_45_bci_t.csv,23.81891604
2015_09_19_12_35_bci_t.csv,22.456857775
2015_09_19_12_40_bci_t.csv,21.094799509999998
2015_09_19_12_45_bci_t.csv,19.732741244999996
2015_09_19_12_50_bci_t.csv,18.370682979999994
2015_09_19_12_55_bci_t.csv,17.008624714999993
2015_09_19_13_15_bci_t.csv,15.64656645
2015_09_19_12_35_bci_t.csv,15.39113448
2015_09_19_12_40_bci_t.csv,15.13570251
2015_09_19_12_45_bci_t.csv,14.88027054
2015_09_19_12_50_bci_t.csv,14.62483857
2015_09_19_12_55_bci_t.csv,14.3694066
2015_09_19_13_45_bci_t.csv,14.11397463
2015_09_19_13_35_bci_t.csv,14.63223516
2015_09_19_13_40_bci_t.csv,15.15049569
2015_09_19_13_45_bci_t.csv,15.668756219999999
2015_09_19_13_50_bci_t.csv,16.187016749999998
2015_09_19_13_55_bci_t.csv,16.705277279999997
2015_09_19_14_15_bci_t.csv,17.22353781
2015_09_19_13_35_bci_t.csv,17.62984441
2015_09_19_13_40_bci_t.csv,18.03615101
2015_09_19_13_45_bci_t.csv,18.44245761
2015_09_19_13_50_bci_t.csv,18.848764210000002
2015_09_19_13_55_bci_t.csv,19.255070810000003
2015_09_19_14_45_bci_t.csv,19.66137741
2015_09_19_14_35_bci_t.csv,19.70597142
2015_09_19_14_40_bci_t.csv,19.75056543
2015_09_19_14_45_bci_t.csv,19.795159440000003
2015_09_19_14_50_bci_t.csv,19.839753450000003
2015_09_19_14_55_bci_t.csv,19.884347460000004
2015_09_19_15_15_bci_t.csv,19.92894147
2015_09_19_14_35_bci_t.csv,19.26398754166667
2015_09_19_14_40_bci_t.csv,18.599033613333336
2015_09_19_14_45_bci_t.csv,17.934079685000004
2015_09_19_14_50_bci_t.csv,17.26912575666667
2015_09_19_14_55_bci_t.csv,16.60417182833334
2015_09_19_15_45_bci_t.csv,15.939217900000001
2015_09_19_15_35_bci_t.csv,15.683120303333334
2015_09_19_15_40_bci_t.csv,15.427022706666667
2015_09_19_15_45_bci_t.csv,15.17092511
2015_09_19_15_50_bci_t.csv,14.914827513333334
2015_09_19_15_55_bci_t.csv,14.658729916666667
2015_09_19_16_15_bci_t.csv,14.40263232
2015_09_19_15_35_bci_t.csv,14.43370874
2015_09_19_15_40_bci_t.csv,14.46478516
2015_09_19_15_45_bci_t.csv,14.49586158
2015_09_19_15_50_bci_t.csv,14.526938
2015_09_19_15_55_bci_t.csv,14.55801442
2015_09_19_16_45_bci_t.csv,14.58909084
2015_09_19_16_35_bci_t.csv,13.377770723166668
2015_09_19_16_40_bci_t.csv,12.166450606333335
2015_09_19_16_45_bci_t.csv,10.955130489500002
2015_09_19_16_50_bci_t.csv,9.743810372666669
2015_09_19_16_55_bci_t.csv,8.532490255833336
2015_09_19_17_15_bci_t.csv,7.3211701389999995
2015_09_19_16_35_bci_t.csv,6.100975115833333
2015_09_19_16_40_bci_t.csv,4.880780092666667
2015_09_19_16_45_bci_t.csv,3.6605850695000006
2015_09_19_16_50_bci_t.csv,2.4403900463333343
2015_09_19_16_55_bci_t.csv,1.2201950231666678
2015_09_19_17_45_bci_t.csv,0.0
2015_09_19_17_35_bci_t.csv,0.0
2015_09_19_17_40_bci_t.csv,0.0
2015_09_19_17_45_bci_t.csv,0.0
2015_09_19_17_50_bci_t.csv,0.0
2015_09_19_17_55_bci_t.csv,0.0
2015_09_19_18_15_bci_t.csv,0.0
2015_09_19_17_35_bci_t.csv,0.0
2015_09_19_17_40_bci_t.csv,0.0
2015_09_19_17_45_bci_t.csv,0.0
2015_09_19_17_50_bci_t.csv,0.0
2015_09_19_17_55_bci_t.csv,0.0
2015_09_19_18_45_bci_t.csv,0.0
2015_09_19_18_35_bci_t.csv,0.0
2015_09_19_18_40_bci_t.csv,0.0
2015_09_19_18_45_bci_t.csv,0.0
2015_09_19_18_50_bci_t.csv,0.0
2015_09_19_18_55_bci_t.csv,0.0
2015_09_19_19_15_bci_t.csv,0.0
2015_09_19_18_35_bci_t.csv,0.0
2015_09_19_18_40_bci_t.csv,0.0
2015_09_19_18_45_bci_t.csv,0.0
2015_09_19_18_50_bci_t.csv,0.0
2015_09_19_18_55_bci_t.csv,0.0
2015_09_19_19_45_bci_t.csv,0.0
2015_09_19_19_35_bci_t.csv,0.0
2015_09_19_19_40_bci_t.csv,0.0
2015_09_19_19_45_bci_t.csv,0.0
2015_09_19_19_50_bci_t.csv,0.0
2015_09_19_19_55_bci_t.csv,0.0
2015_09_19_20_15_bci_t.csv,0.0
2015_09_19_19_35_bci_t.csv,0.0
2015_09_19_19_40_bci_t.csv,0.0
2015_09_19_19_45_bci_t.csv,0.0
2015_09_19_19_50_bci_t.csv,0.0
2015_09_19_19_55_bci_t.csv,0.0
2015_09_19_20_45_bci_t.csv,0.0
2015_09_19_20_35_bci_t.csv,0.0
2015_09_19_20_40_bci_t.csv,0.0
2015_09_19_20_45_bci_t.csv,0.0
2015_09_19_20_50_bci_t.csv,0.0
2015_09_19_20_55_bci_t.csv,0.0
2015_09_19_21_15_bci_t.csv,0.0
2015_09_19_20_35_bci_t.csv,0.0
2015_09_19_20_40_bci_t.csv,0.0
2015_09_19_20_45_bci_t.csv,0.0
2015_09_19_20_50_bci_t.csv,0.0
2015_09_19_20_55_bci_t.csv,0.0
2015_09_19_21_45_bci_t.csv,0.0
2015_09_19_21_35_bci_t.csv,0.0
2015_09_19_21_40_bci_t.csv,0.0
2015_09_19_21_45_bci_t.csv,0.0
2015_09_19_21_50_bci_t.csv,0.0
2015_09_19_21_55_bci_t.csv,0.0
2015_09_19_22_15_bci_t.csv,0.0
2015_09_19_21_35_bci_t.csv,0.0
2015_09_19_21_40_bci_t.csv,0.0
2015_09_19_21_45_bci_t.csv,0.0
2015_09_19_21_50_bci_t.csv,0.0
2015_09_19_21_55_bci_t.csv,0.0
2015_09_19_22_45_bci_t.csv,0.0
2015_09_19_22_35_bci_t.csv,0.0
2015_09_19_22_40_bci_t.csv,0.0
2015_09_19_22_45_bci_t.csv,0.0
2015_09_19_22_50_bci_t.csv,0.0
2015_09_19_22_55_bci_t.csv,0.0
2015_09_19_23_15_bci_t.csv,0.0
2015_09_19_22_35_bci_t.csv,0.0
2015_09_19_22_40_bci_t.csv,0.0
2015_09_19_22_45_bci_t.csv,0.0
2015_09_19_22_50_bci_t.csv,0.0
2015_09_19_22_55_bci_t.csv,0.0
2015_09_19_23_45_bci_t.csv,0.0
2015_09_19_23_35_bci_t.csv,0.0
2015_09_19_23_40_bci_t.csv,0.0
2015_09_19_23_45_bci_t.csv,0.0
2015_09_19_23_50_bci_t.csv,0.0
2015_09_19_23_55_bci_t.csv,0.0
2015_09_20_00_15_bci_t.csv,0.0
2015_09_19_23_35_bci_t.csv,0.0
2015_09_19_23_40_bci_t.csv,0.0
2015_09_19_23_45_bci_t.csv,0.0
2015_09_19_23_50_bci_t.csv,0.0
2015_09_19_23_55_bci_t.csv,0.0
2015_09_20_00_45_bci_t.csv,0.0
2015_09_20_00_35_bci_t.csv,0.0
2015_09_20_00_40_bci_t.csv,0.0
2015_09_20_00_45_bci_t.csv,0.0
2015_09_20_00_50_bci_t.csv,0.0
2015_09_20_00_55_bci_t.csv,0.0
2015_09_20_01_15_bci_t.csv,0.0
2015_09_20_00_35_bci_t.csv,0.0
2015_09_20_00_40_bci_t.csv,0.0
2015_09_20_00_45_bci_t.csv,0.0
2015_09_20_00_50_bci_t.csv,0.0
2015_09_20_00_55_bci_t.csv,0.0
2015_09_20_01_45_bci_t.csv,0.0
2015_09_20_01_35_bci_t.csv,0.0
2015_09_20_01_40_bci_t.csv,0.0
2015_09_20_01_45_bci_t.csv,0.0
2015_09_20_01_50_bci_t.csv,0.0
2015_09_20_01_55_bci_t.csv,0.0
2015_09_20_02_15_bci_t.csv,0.0
2015_09_20_01_35_bci_t.csv,0.0
2015_09_20_01_40_bci_t.csv,0.0
2015_09_20_01_45_bci_t.csv,0.0
2015_09_20_01_50_bci_t.csv,0.0
2015_09_20_01_55_bci_t.csv,0.0
2015_09_20_02_45_bci_t.csv,0.0
2015_09_20_02_35_bci_t.csv,0.0
2015_09_20_02_40_bci_t.csv,0.0
2015_09_20_02_45_bci_t.csv,0.0
2015_09_20_02_50_bci_t.csv,0.0
2015_09_20_02_55_bci_t.csv,0.0
2015_09_20_03_15_bci_t.csv,0.0
2015_09_20_02_35_bci_t.csv,0.0
2015_09_20_02_40_bci_t.csv,0.0
2015_09_20_02_45_bci_t.csv,0.0
2015_09_20_02_50_bci_t.csv,0.0
2015_09_20_02_55_bci_t.csv,0.0
2015_09_20_03_45_bci_t.csv,0.0
2015_09_20_03_35_bci_t.csv,0.0
2015_09_20_03_40_bci_t.csv,0.0
2015_09_20_03_45_bci_t.csv,0.0
2015_09_20_03_50_bci_t.csv,0.0
2015_09_20_03_55_bci_t.csv,0.0
2015_09_20_04_15_bci_t.csv,0.0
2015_09_20_03_35_bci_t.csv,0.0
2015_09_20_03_40_bci_t.csv,0.0
2015_09_20_03_45_bci_t.csv,0.0
2015_09_20_03_50_bci_t.csv,0.0
2015_09_20_03_55_bci_t.csv,0.0
2015_09_20_04_45_bci_t.csv,0.0
2015_09_20_04_35_bci_t.csv,0.0
2015_09_20_04_40_bci_t.csv,0.0
2015_09_20_04_45_bci_t.csv,0.0
2015_09_20_04_50_bci_t.csv,0.0
2015_09_20_04_55_bci_t.csv,0.0
2015_09_20_05_15_bci_t.csv,0.0
2015_09_20_04_35_bci_t.csv,0.0
2015_09_20_04_40_bci_t.csv,0.0
2015_09_20_04_45_bci_t.csv,0.0
2015_09_20_04_50_bci_t.csv,0.0
2015_09_20_04_55_bci_t.csv,0.0
2015_09_20_05_45_bci_t.csv,0.0
2015_09_20_05_35_bci_t.csv,0.527181605
2015_09_20_05_40_bci_t.csv,1.05436321
2015_09_20_05_45_bci_t.csv,1.581544815
2015_09_20_05_50_bci_t.csv,2.10872642
2015_09_20_05_55_bci_t.csv,2.635908025
2015_09_20_06_15_bci_t.csv,3.16308963
2015_09_20_05_35_bci_t.csv,3.078026293
2015_09_20_05_40_bci_t.csv,2.9929629560000004
2015_09_20_05_45_bci_t.csv,2.9078996190000006
2015_09_20_05_50_bci_t.csv,2.822836282000001
2015_09_20_05_55_bci_t.csv,2.737772945000001
2015_09_20_06_45_bci_t.csv,2.6527096080000003
2015_09_20_06_35_bci_t.csv,2.6912847975000003
2015_09_20_06_40_bci_t.csv,2.729859987
2015_09_20_06_45_bci_t.csv,2.7684351765
2015_09_20_06_50_bci_t.csv,2.807010366
2015_09_20_06_55_bci_t.csv,2.8455855555
2015_09_20_07_15_bci_t.csv,2.884160745
2015_09_20_06_35_bci_t.csv,3.337084512
2015_09_20_06_40_bci_t.csv,3.7900082790000003
2015_09_20_06_45_bci_t.csv,4.242932046
2015_09_20_06_50_bci_t.csv,4.695855813
2015_09_20_06_55_bci_t.csv,5.148779579999999
2015_09_20_07_45_bci_t.csv,5.601703347000001
2015_09_20_07_35_bci_t.csv,6.736920165833334
2015_09_20_07_40_bci_t.csv,7.872136984666668
2015_09_20_07_45_bci_t.csv,9.007353803500001
2015_09_20_07_50_bci_t.csv,10.142570622333334
2015_09_20_07_55_bci_t.csv,11.277787441166668
2015_09_20_08_15_bci_t.csv,12.41300426
2015_09_20_07_35_bci_t.csv,12.636637181666666
2015_09_20_07_40_bci_t.csv,12.860270103333333
2015_09_20_07_45_bci_t.csv,13.083903025
2015_09_20_07_50_bci_t.csv,13.307535946666667
2015_09_20_07_55_bci_t.csv,13.531168868333333
2015_09_20_08_45_bci_t.csv,13.75480179
2015_09_20_08_35_bci_t.csv,14.136258068333333
2015_09_20_08_40_bci_t.csv,14.517714346666667
2015_09_20_08_45_bci_t.csv,14.899170625
2015_09_20_08_50_bci_t.csv,15.280626903333333
2015_09_20_08_55_bci_t.csv,15.662083181666667
2015_09_20_09_15_bci_t.csv,16.04353946
2015_09_20_08_35_bci_t.csv,16.24207837166667
2015_09_20_08_40_bci_t.csv,16.440617283333335
2015_09_20_08_45_bci_t.csv,16.639156195
2015_09_20_08_50_bci_t.csv,16.83769510666667
2015_09_20_08_55_bci_t.csv,17.036234018333335
2015_09_20_09_45_bci_t.csv,17.23477293
2015_09_20_09_35_bci_t.csv,17.736072071666666
2015_09_20_09_40_bci_t.csv,18.237371213333333
2015_09_20_09_45_bci_t.csv,18.738670355
2015_09_20_09_50_bci_t.csv,19.239969496666667
2015_09_20_09_55_bci_t.csv,19.741268638333334
2015_09_20_10_15_bci_t.csv,20.24256778
2015_09_20_09_35_bci_t.csv,19.54988980666667
2015_09_20_09_40_bci_t.csv,18.857211833333338
2015_09_20_09_45_bci_t.csv,18.164533860000006
2015_09_20_09_50_bci_t.csv,17.471855886666674
2015_09_20_09_55_bci_t.csv,16.779177913333342
2015_09_20_10_45_bci_t.csv,16.08649994
2015_09_20_10_35_bci_t.csv,16.634517488333334
2015_09_20_10_40_bci_t.csv,17.182535036666668
2015_09_20_10_45_bci_t.csv,17.730552585
2015_09_20_10_50_bci_t.csv,18.278570133333336
2015_09_20_10_55_bci_t.csv,18.82658768166667
2015_09_20_11_15_bci_t.csv,19.37460523
2015_09_20_10_35_bci_t.csv,19.87477832
2015_09_20_10_40_bci_t.csv,20.37495141
2015_09_20_10_45_bci_t.csv,20.875124500000002
2015_09_20_10_50_bci_t.csv,21.375297590000002
2015_09_20_10_55_bci_t.csv,21.875470680000003
2015_09_20_11_45_bci_t.csv,22.37564377
2015_09_20_11_35_bci_t.csv,22.372875986666667
2015_09_20_11_40_bci_t.csv,22.370108203333334
2015_09_20_11_45_bci_t.csv,22.36734042
2015_09_20_11_50_bci_t.csv,22.36457263666667
2015_09_20_11_55_bci_t.csv,22.361804853333336
2015_09_20_12_15_bci_t.csv,22.35903707
2015_09_20_11_35_bci_t.csv,21.633744681666666
2015_09_20_11_40_bci_t.csv,20.908452293333333
2015_09_20_11_45_bci_t.csv,20.183159905
2015_09_20_11_50_bci_t.csv,19.457867516666667
2015_09_20_11_55_bci_t.csv,18.732575128333334
2015_09_20_12_45_bci_t.csv,18.00728274
2015_09_20_12_35_bci_t.csv,18.168882791666668
2015_09_20_12_40_bci_t.csv,18.330482843333336
2015_09_20_12_45_bci_t.csv,18.492082895000003
2015_09_20_12_50_bci_t.csv,18.65368294666667
2015_09_20_12_55_bci_t.csv,18.815282998333338
2015_09_20_13_15_bci_t.csv,18.97688305
2015_09_20_12_35_bci_t.csv,19.525944618333334
2015_09_20_12_40_bci_t.csv,20.075006186666666
2015_09_20_12_45_bci_t.csv,20.624067755
2015_09_20_12_50_bci_t.csv,21.17312932333333
2015_09_20_12_55_bci_t.csv,21.722190891666664
2015_09_20_13_45_bci_t.csv,22.27125246
2015_09_20_13_35_bci_t.csv,21.839557495
2015_09_20_13_40_bci_t.csv,21.407862530000003
2015_09_20_13_45_bci_t.csv,20.976167565000004
2015_09_20_13_50_bci_t.csv,20.544472600000006
2015_09_20_13_55_bci_t.csv,20.112777635000008
2015_09_20_14_15_bci_t.csv,19.68108267
2015_09_20_13_35_bci_t.csv,19.64495042
2015_09_20_13_40_bci_t.csv,19.60881817
2015_09_20_13_45_bci_t.csv,19.572685919999998
2015_09_20_13_50_bci_t.csv,19.536553669999996
2015_09_20_13_55_bci_t.csv,19.500421419999995
2015_09_20_14_45_bci_t.csv,19.46428917
2015_09_20_14_35_bci_t.csv,19.318397131666668
2015_09_20_14_40_bci_t.csv,19.172505093333335
2015_09_20_14_45_bci_t.csv,19.026613055000002
2015_09_20_14_50_bci_t.csv,18.88072101666667
2015_09_20_14_55_bci_t.csv,18.734828978333336
2015_09_20_15_15_bci_t.csv,18.58893694
2015_09_20_14_35_bci_t.csv,17.883732311666666
2015_09_20_14_40_bci_t.csv,17.178527683333332
2015_09_20_14_45_bci_t.csv,16.473323054999998
2015_09_20_14_50_bci_t.csv,15.768118426666664
2015_09_20_14_55_bci_t.csv,15.06291379833333
2015_09_20_15_45_bci_t.csv,14.35770917
2015_09_20_15_35_bci_t.csv,13.407401311166666
2015_09_20_15_40_bci_t.csv,12.457093452333332
2015_09_20_15_45_bci_t.csv,11.506785593499998
2015_09_20_15_50_bci_t.csv,10.556477734666665
2015_09_20_15_55_bci_t.csv,9.60616987583333
2015_09_20_16_15_bci_t.csv,8.655862017
2015_09_20_15_35_bci_t.csv,9.060551994166667
2015_09_20_15_40_bci_t.csv,9.465241971333334
2015_09_20_15_45_bci_t.csv,9.869931948500001
2015_09_20_15_50_bci_t.csv,10.274621925666668
2015_09_20_15_55_bci_t.csv,10.679311902833335
2015_09_20_16_45_bci_t.csv,11.08400188
2015_09_20_16_35_bci_t.csv,9.8904726355
2015_09_20_16_40_bci_t.csv,8.696943391
2015_09_20_16_45_bci_t.csv,7.503414146499999
2015_09_20_16_50_bci_t.csv,6.3098849019999985
2015_09_20_16_55_bci_t.csv,5.116355657499998
2015_09_20_17_15_bci_t.csv,3.922826413
2015_09_20_16_35_bci_t.csv,3.326714409
2015_09_20_16_40_bci_t.csv,2.730602405
2015_09_20_16_45_bci_t.csv,2.134490401
2015_09_20_16_50_bci_t.csv,1.5383783969999998
2015_09_20_16_55_bci_t.csv,0.9422663929999998
2015_09_20_17_45_bci_t.csv,0.346154389
2015_09_20_17_35_bci_t.csv,0.28846199083333335
2015_09_20_17_40_bci_t.csv,0.2307695926666667
2015_09_20_17_45_bci_t.csv,0.17307719450000003
2015_09_20_17_50_bci_t.csv,0.11538479633333337
2015_09_20_17_55_bci_t.csv,0.05769239816666671
2015_09_20_18_15_bci_t.csv,0.0
2015_09_20_17_35_bci_t.csv,0.0
2015_09_20_17_40_bci_t.csv,0.0
2015_09_20_17_45_bci_t.csv,0.0
2015_09_20_17_50_bci_t.csv,0.0
2015_09_20_17_55_bci_t.csv,0.0
2015_09_20_18_45_bci_t.csv,0.0
2015_09_20_18_35_bci_t.csv,0.0
2015_09_20_18_40_bci_t.csv,0.0
2015_09_20_18_45_bci_t.csv,0.0
2015_09_20_18_50_bci_t.csv,0.0
2015_09_20_18_55_bci_t.csv,0.0
2015_09_20_19_15_bci_t.csv,0.0
2015_09_20_18_35_bci_t.csv,0.0
2015_09_20_18_40_bci_t.csv,0.0
2015_09_20_18_45_bci_t.csv,0.0
2015_09_20_18_50_bci_t.csv,0.0
2015_09_20_18_55_bci_t.csv,0.0
2015_09_20_19_45_bci_t.csv,0.0
2015_09_20_19_35_bci_t.csv,0.0
2015_09_20_19_40_bci_t.csv,0.0
2015_09_20_19_45_bci_t.csv,0.0
2015_09_20_19_50_bci_t.csv,0.0
2015_09_20_19_55_bci_t.csv,0.0
2015_09_20_20_15_bci_t.csv,0.0
2015_09_20_19_35_bci_t.csv,0.0
2015_09_20_19_40_bci_t.csv,0.0
2015_09_20_19_45_bci_t.csv,0.0
2015_09_20_19_50_bci_t.csv,0.0
2015_09_20_19_55_bci_t.csv,0.0
2015_09_20_20_45_bci_t.csv,0.0
2015_09_20_20_35_bci_t.csv,0.0
2015_09_20_20_40_bci_t.csv,0.0
2015_09_20_20_45_bci_t.csv,0.0
2015_09_20_20_50_bci_t.csv,0.0
2015_09_20_20_55_bci_t.csv,0.0
2015_09_20_21_15_bci_t.csv,0.0
2015_09_20_20_35_bci_t.csv,0.0
2015_09_20_20_40_bci_t.csv,0.0
2015_09_20_20_45_bci_t.csv,0.0
2015_09_20_20_50_bci_t.csv,0.0
2015_09_20_20_55_bci_t.csv,0.0
2015_09_20_21_45_bci_t.csv,0.0
2015_09_20_21_35_bci_t.csv,0.0
2015_09_20_21_40_bci_t.csv,0.0
2015_09_20_21_45_bci_t.csv,0.0
2015_09_20_21_50_bci_t.csv,0.0
2015_09_20_21_55_bci_t.csv,0.0
2015_09_20_22_15_bci_t.csv,0.0
2015_09_20_21_35_bci_t.csv,0.0
2015_09_20_21_40_bci_t.csv,0.0
2015_09_20_21_45_bci_t.csv,0.0
2015_09_20_21_50_bci_t.csv,0.0
2015_09_20_21_55_bci_t.csv,0.0
2015_09_20_22_45_bci_t.csv,0.0
2015_09_20_22_35_bci_t.csv,0.0
2015_09_20_22_40_bci_t.csv,0.0
2015_09_20_22_45_bci_t.csv,0.0
2015_09_20_22_50_bci_t.csv,0.0
2015_09_20_22_55_bci_t.csv,0.0
2015_09_20_23_15_bci_t.csv,0.0
2015_09_20_22_35_bci_t.csv,0.0
2015_09_20_22_40_bci_t.csv,0.0
2015_09_20_22_45_bci_t.csv,0.0
2015_09_20_22_50_bci_t.csv,0.0
2015_09_20_22_55_bci_t.csv,0.0
2015_09_20_23_45_bci_t.csv,0.0
2015_09_20_23_35_bci_t.csv,0.0
2015_09_20_23_40_bci_t.csv,0.0
2015_09_20_23_45_bci_t.csv,0.0
2015_09_20_23_50_bci_t.csv,0.0
2015_09_20_23_55_bci_t.csv,0.0
2015_09_21_00_15_bci_t.csv,0.0
2015_09_20_23_35_bci_t.csv,0.0
2015_09_20_23_40_bci_t.csv,0.0
2015_09_20_23_45_bci_t.csv,0.0
2015_09_20_23_50_bci_t.csv,0.0
2015_09_20_23_55_bci_t.csv,0.0
2015_09_21_00_45_bci_t.csv,0.0
2015_09_21_00_35_bci_t.csv,0.0
2015_09_21_00_40_bci_t.csv,0.0
2015_09_21_00_45_bci_t.csv,0.0
2015_09_21_00_50_bci_t.csv,0.0
2015_09_21_00_55_bci_t.csv,0.0
2015_09_21_01_15_bci_t.csv,0.0
2015_09_21_00_35_bci_t.csv,0.0
2015_09_21_00_40_bci_t.csv,0.0
2015_09_21_00_45_bci_t.csv,0.0
2015_09_21_00_50_bci_t.csv,0.0
2015_09_21_00_55_bci_t.csv,0.0
2015_09_21_01_45_bci_t.csv,0.0
2015_09_21_01_35_bci_t.csv,0.0
2015_09_21_01_40_bci_t.csv,0.0
2015_09_21_01_45_bci_t.csv,0.0
2015_09_21_01_50_bci_t.csv,0.0
2015_09_21_01_55_bci_t.csv,0.0
2015_09_21_02_15_bci_t.csv,0.0
2015_09_21_01_35_bci_t.csv,0.0
2015_09_21_01_40_bci_t.csv,0.0
2015_09_21_01_45_bci_t.csv,0.0
2015_09_21_01_50_bci_t.csv,0.0
2015_09_21_01_55_bci_t.csv,0.0
2015_09_21_02_45_bci_t.csv,0.0
2015_09_21_02_35_bci_t.csv,0.0
2015_09_21_02_40_bci_t.csv,0.0
2015_09_21_02_45_bci_t.csv,0.0
2015_09_21_02_50_bci_t.csv,0.0
2015_09_21_02_55_bci_t.csv,0.0
2015_09_21_03_15_bci_t.csv,0.0
2015_09_21_02_35_bci_t.csv,0.0
2015_09_21_02_40_bci_t.csv,0.0
2015_09_21_02_45_bci_t.csv,0.0
2015_09_21_02_50_bci_t.csv,0.0
2015_09_21_02_55_bci_t.csv,0.0
2015_09_21_03_45_bci_t.csv,0.0
2015_09_21_03_35_bci_t.csv,0.0
2015_09_21_03_40_bci_t.csv,0.0
2015_09_21_03_45_bci_t.csv,0.0
2015_09_21_03_50_bci_t.csv,0.0
2015_09_21_03_55_bci_t.csv,0.0
2015_09_21_04_15_bci_t.csv,0.0
2015_09_21_03_35_bci_t.csv,0.0
2015_09_21_03_40_bci_t.csv,0.0
2015_09_21_03_45_bci_t.csv,0.0
2015_09_21_03_50_bci_t.csv,0.0
2015_09_21_03_55_bci_t.csv,0.0
2015_09_21_04_45_bci_t.csv,0.0
2015_09_21_04_35_bci_t.csv,0.0
2015_09_21_04_40_bci_t.csv,0.0
2015_09_21_04_45_bci_t.csv,0.0
2015_09_21_04_50_bci_t.csv,0.0
2015_09_21_04_55_bci_t.csv,0.0
2015_09_21_05_15_bci_t.csv,0.0
2015_09_21_04_35_bci_t.csv,0.0
2015_09_21_04_40_bci_t.csv,0.0
2015_09_21_04_45_bci_t.csv,0.0
2015_09_21_04_50_bci_t.csv,0.0
2015_09_21_04_55_bci_t.csv,0.0
2015_09_21_05_45_bci_t.csv,0.0
2015_09_21_05_35_bci_t.csv,2.978326673333333
2015_09_21_05_40_bci_t.csv,5.956653346666666
2015_09_21_05_45_bci_t.csv,8.93498002
2015_09_21_05_50_bci_t.csv,11.913306693333332
2015_09_21_05_55_bci_t.csv,14.891633366666666
2015_09_21_06_15_bci_t.csv,17.86996004
2015_09_21_05_35_bci_t.csv,15.229511432499999
2015_09_21_05_40_bci_t.csv,12.589062825
2015_09_21_05_45_bci_t.csv,9.9486142175
2015_09_21_05_50_bci_t.csv,7.30816561
2015_09_21_05_55_bci_t.csv,4.6677170025
2015_09_21_06_45_bci_t.csv,2.027268395
2015_09_21_06_35_bci_t.csv,3.1923887606666668
2015_09_21_06_40_bci_t.csv,4.357509126333333
2015_09_21_06_45_bci_t.csv,5.522629492
2015_09_21_06_50_bci_t.csv,6.687749857666667
2015_09_21_06_55_bci_t.csv,7.852870223333333
2015_09_21_07_15_bci_t.csv,9.017990589
2015_09_21_06_35_bci_t.csv,8.950751208
2015_09_21_06_40_bci_t.csv,8.883511827
2015_09_21_06_45_bci_t.csv,8.816272446
2015_09_21_06_50_bci_t.csv,8.749033064999999
2015_09_21_06_55_bci_t.csv,8.681793683999999
2015_09_21_07_45_bci_t.csv,8.614554303
2015_09_21_07_35_bci_t.csv,9.442527074166668
2015_09_21_07_40_bci_t.csv,10.270499845333335
2015_09_21_07_45_bci_t.csv,11.098472616500002
2015_09_21_07_50_bci_t.csv,11.92644538766667
2015_09_21_07_55_bci_t.csv,12.754418158833337
2015_09_21_08_15_bci_t.csv,13.58239093
2015_09_21_07_35_bci_t.csv,13.585348596666668
2015_09_21_07_40_bci_t.csv,13.588306263333335
2015_09_21_07_45_bci_t.csv,13.591263930000002
2015_09_21_07_50_bci_t.csv,13.594221596666669
2015_09_21_07_55_bci_t.csv,13.597179263333336
2015_09_21_08_45_bci_t.csv,13.60013693
2015_09_21_08_35_bci_t.csv,12.643332705333332
2015_09_21_08_40_bci_t.csv,11.686528480666666
2015_09_21_08_45_bci_t.csv,10.729724256
2015_09_21_08_50_bci_t.csv,9.772920031333335
2015_09_21_08_55_bci_t.csv,8.81611580666667
2015_09_21_09_15_bci_t.csv,7.859311582
2015_09_21_08_35_bci_t.csv,10.428283696666666
2015_09_21_08_40_bci_t.csv,12.997255811333332
2015_09_21_08_45_bci_t.csv,15.566227925999998
2015_09_21_08_50_bci_t.csv,18.135200040666664
2015_09_21_08_55_bci_t.csv,20.70417215533333
2015_09_21_09_45_bci_t.csv,23.27314427
2015_09_21_09_35_bci_t.csv,20.785914458333334
2015_09_21_09_40_bci_t.csv,18.29868464666667
2015_09_21_09_45_bci_t.csv,15.811454835000003
2015_09_21_09_50_bci_t.csv,13.324225023333337
2015_09_21_09_55_bci_t.csv,10.836995211666672
2015_09_21_10_15_bci_t.csv,8.3497654
2015_09_21_09_35_bci_t.csv,7.974458077666667
2015_09_21_09_40_bci_t.csv,7.5991507553333335
2015_09_21_09_45_bci_t.csv,7.223843433
2015_09_21_09_50_bci_t.csv,6.848536110666666
2015_09_21_09_55_bci_t.csv,6.473228788333333
2015_09_21_10_45_bci_t.csv,6.097921466
2015_09_21_10_35_bci_t.csv,8.508031381666667
2015_09_21_10_40_bci_t.csv,10.918141297333333
2015_09_21_10_45_bci_t.csv,13.328251213
2015_09_21_10_50_bci_t.csv,15.738361128666666
2015_09_21_10_55_bci_t.csv,18.148471044333334
2015_09_21_11_15_bci_t.csv,20.55858096
2015_09_21_10_35_bci_t.csv,17.379544597333332
2015_09_21_10_40_bci_t.csv,14.200508234666666
2015_09_21_10_45_bci_t.csv,11.021471872
2015_09_21_10_50_bci_t.csv,7.842435509333333
2015_09_21_10_55_bci_t.csv,4.663399146666666
2015_09_21_11_45_bci_t.csv,1.484362784
2015_09_21_11_35_bci_t.csv,1.5625047471666667
2015_09_21_11_40_bci_t.csv,1.6406467103333333
2015_09_21_11_45_bci_t.csv,1.7187886735
2015_09_21_11_50_bci_t.csv,1.7969306366666666
2015_09_21_11_55_bci_t.csv,1.8750725998333333
2015_09_21_12_15_bci_t.csv,1.9532145630000002
2015_09_21_11_35_bci_t.csv,2.2985121728333335
2015_09_21_11_40_bci_t.csv,2.6438097826666667
2015_09_21_11_45_bci_t.csv,2.9891073925
2015_09_21_11_50_bci_t.csv,3.334405002333333
2015_09_21_11_55_bci_t.csv,3.679702612166666
2015_09_21_12_45_bci_t.csv,4.025000222
2015_09_21_12_35_bci_t.csv,3.841187054
2015_09_21_12_40_bci_t.csv,3.6573738860000002
2015_09_21_12_45_bci_t.csv,3.4735607180000003
2015_09_21_12_50_bci_t.csv,3.2897475500000004
2015_09_21_12_55_bci_t.csv,3.1059343820000005
2015_09_21_13_15_bci_t.csv,2.9221212139999997
2015_09_21_12_35_bci_t.csv,3.8882543826666662
2015_09_21_12_40_bci_t.csv,4.854387551333333
2015_09_21_12_45_bci_t.csv,5.820520719999999
2015_09_21_12_50_bci_t.csv,6.786653888666666
2015_09_21_12_55_bci_t.csv,7.752787057333332
2015_09_21_13_45_bci_t.csv,8.718920226
2015_09_21_13_35_bci_t.csv,8.469648587
2015_09_21_13_40_bci_t.csv,8.220376948
2015_09_21_13_45_bci_t.csv,7.971105309
2015_09_21_13_50_bci_t.csv,7.7218336700000005
2015_09_21_13_55_bci_t.csv,7.472562031000001
2015_09_21_14_15_bci_t.csv,7.223290392000001
2015_09_21_13_35_bci_t.csv,6.692389063833334
2015_09_21_13_40_bci_t.csv,6.161487735666666
2015_09_21_13_45_bci_t.csv,5.630586407499999
2015_09_21_13_50_bci_t.csv,5.099685079333332
2015_09_21_13_55_bci_t.csv,4.568783751166665
2015_09_21_14_45_bci_t.csv,4.037882423
2015_09_21_14_35_bci_t.csv,4.692586868
2015_09_21_14_40_bci_t.csv,5.347291313
2015_09_21_14_45_bci_t.csv,6.0019957580000005
2015_09_21_14_50_bci_t.csv,6.656700203000001
2015_09_21_14_55_bci_t.csv,7.311404648000001
2015_09_21_15_15_bci_t.csv,7.966109092999999
2015_09_21_14_35_bci_t.csv,7.853650518499999
2015_09_21_14_40_bci_t.csv,7.741191944
2015_09_21_14_45_bci_t.csv,7.6287333695
2015_09_21_14_50_bci_t.csv,7.516274795
2015_09_21_14_55_bci_t.csv,7.4038162205
2015_09_21_15_45_bci_t.csv,7.291357646
2015_09_21_15_35_bci_t.csv,7.062731485
2015_09_21_15_40_bci_t.csv,6.834105323999999
2015_09_21_15_45_bci_t.csv,6.605479162999999
2015_09_21_15_50_bci_t.csv,6.376853001999999
2015_09_21_15_55_bci_t.csv,6.148226840999999
2015_09_21_16_15_bci_t.csv,5.91960068
2015_09_21_15_35_bci_t.csv,5.927271601833334
2015_09_21_15_40_bci_t.csv,5.934942523666667
2015_09_21_15_45_bci_t.csv,5.9426134455
2015_09_21_15_50_bci_t.csv,5.950284367333333
2015_09_21_15_55_bci_t.csv,5.957955289166667
2015_09_21_16_45_bci_t.csv,5.965626211
2015_09_21_16_35_bci_t.csv,5.275795153833333
2015_09_21_16_40_bci_t.csv,4.585964096666666
2015_09_21_16_45_bci_t.csv,3.8961330394999996
2015_09_21_16_50_bci_t.csv,3.2063019823333327
2015_09_21_16_55_bci_t.csv,2.516470925166666
2015_09_21_17_15_bci_t.csv,1.8266398680000002
2015_09_21_16_35_bci_t.csv,1.7200616291666668
2015_09_21_16_40_bci_t.csv,1.6134833903333334
2015_09_21_16_45_bci_t.csv,1.5069051515
2015_09_21_16_50_bci_t.csv,1.4003269126666666
2015_09_21_16_55_bci_t.csv,1.2937486738333333
2015_09_21_17_45_bci_t.csv,1.187170435
2015_09_21_17_35_bci_t.csv,0.9893086958333334
2015_09_21_17_40_bci_t.csv,0.7914469566666666
2015_09_21_17_45_bci_t.csv,0.5935852174999999
2015_09_21_17_50_bci_t.csv,0.3957234783333332
2015_09_21_17_55_bci_t.csv,0.19786173916666652
2015_09_21_18_15_bci_t.csv,0.0
2015_09_21_17_35_bci_t.csv,0.0
2015_09_21_17_40_bci_t.csv,0.0
2015_09_21_17_45_bci_t.csv,0.0
2015_09_21_17_50_bci_t.csv,0.0
2015_09_21_17_55_bci_t.csv,0.0
2015_09_21_18_45_bci_t.csv,0.0
2015_09_21_18_35_bci_t.csv,0.0
2015_09_21_18_40_bci_t.csv,0.0
2015_09_21_18_45_bci_t.csv,0.0
2015_09_21_18_50_bci_t.csv,0.0
2015_09_21_18_55_bci_t.csv,0.0
2015_09_21_19_15_bci_t.csv,0.0
2015_09_21_18_35_bci_t.csv,0.0
2015_09_21_18_40_bci_t.csv,0.0
2015_09_21_18_45_bci_t.csv,0.0
2015_09_21_18_50_bci_t.csv,0.0
2015_09_21_18_55_bci_t.csv,0.0
2015_09_21_19_45_bci_t.csv,0.0
2015_09_21_19_35_bci_t.csv,0.0
2015_09_21_19_40_bci_t.csv,0.0
2015_09_21_19_45_bci_t.csv,0.0
2015_09_21_19_50_bci_t.csv,0.0
2015_09_21_19_55_bci_t.csv,0.0
2015_09_21_20_15_bci_t.csv,0.0
2015_09_21_19_35_bci_t.csv,0.0
2015_09_21_19_40_bci_t.csv,0.0
2015_09_21_19_45_bci_t.csv,0.0
2015_09_21_19_50_bci_t.csv,0.0
2015_09_21_19_55_bci_t.csv,0.0
2015_09_21_20_45_bci_t.csv,0.0
2015_09_21_20_35_bci_t.csv,0.0
2015_09_21_20_40_bci_t.csv,0.0
2015_09_21_20_45_bci_t.csv,0.0
2015_09_21_20_50_bci_t.csv,0.0
2015_09_21_20_55_bci_t.csv,0.0
2015_09_21_21_15_bci_t.csv,0.0
2015_09_21_20_35_bci_t.csv,0.0
2015_09_21_20_40_bci_t.csv,0.0
2015_09_21_20_45_bci_t.csv,0.0
2015_09_21_20_50_bci_t.csv,0.0
2015_09_21_20_55_bci_t.csv,0.0
2015_09_21_21_45_bci_t.csv,0.0
2015_09_21_21_35_bci_t.csv,0.0
2015_09_21_21_40_bci_t.csv,0.0
2015_09_21_21_45_bci_t.csv,0.0
2015_09_21_21_50_bci_t.csv,0.0
2015_09_21_21_55_bci_t.csv,0.0
2015_09_21_22_15_bci_t.csv,0.0
2015_09_21_21_35_bci_t.csv,0.0
2015_09_21_21_40_bci_t.csv,0.0
2015_09_21_21_45_bci_t.csv,0.0
2015_09_21_21_50_bci_t.csv,0.0
2015_09_21_21_55_bci_t.csv,0.0
2015_09_21_22_45_bci_t.csv,0.0
2015_09_21_22_35_bci_t.csv,0.0
2015_09_21_22_40_bci_t.csv,0.0
2015_09_21_22_45_bci_t.csv,0.0
2015_09_21_22_50_bci_t.csv,0.0
2015_09_21_22_55_bci_t.csv,0.0
2015_09_21_23_15_bci_t.csv,0.0
2015_09_21_22_35_bci_t.csv,0.0
2015_09_21_22_40_bci_t.csv,0.0
2015_09_21_22_45_bci_t.csv,0.0
2015_09_21_22_50_bci_t.csv,0.0
2015_09_21_22_55_bci_t.csv,0.0
2015_09_21_23_45_bci_t.csv,0.0
2015_09_21_23_35_bci_t.csv,0.0
2015_09_21_23_40_bci_t.csv,0.0
2015_09_21_23_45_bci_t.csv,0.0
2015_09_21_23_50_bci_t.csv,0.0
2015_09_21_23_55_bci_t.csv,0.0
2015_09_22_00_15_bci_t.csv,0.0
2015_09_21_23_35_bci_t.csv,0.0
2015_09_21_23_40_bci_t.csv,0.0
2015_09_21_23_45_bci_t.csv,0.0
2015_09_21_23_50_bci_t.csv,0.0
2015_09_21_23_55_bci_t.csv,0.0
2015_09_22_00_45_bci_t.csv,0.0
2015_09_22_00_35_bci_t.csv,0.0
2015_09_22_00_40_bci_t.csv,0.0
2015_09_22_00_45_bci_t.csv,0.0
2015_09_22_00_50_bci_t.csv,0.0
2015_09_22_00_55_bci_t.csv,0.0
2015_09_22_01_15_bci_t.csv,0.0
2015_09_22_00_35_bci_t.csv,0.0
2015_09_22_00_40_bci_t.csv,0.0
2015_09_22_00_45_bci_t.csv,0.0
2015_09_22_00_50_bci_t.csv,0.0
2015_09_22_00_55_bci_t.csv,0.0
2015_09_22_01_45_bci_t.csv,0.0
2015_09_22_01_35_bci_t.csv,0.0
2015_09_22_01_40_bci_t.csv,0.0
2015_09_22_01_45_bci_t.csv,0.0
2015_09_22_01_50_bci_t.csv,0.0
2015_09_22_01_55_bci_t.csv,0.0
2015_09_22_02_15_bci_t.csv,0.0
2015_09_22_01_35_bci_t.csv,0.0
2015_09_22_01_40_bci_t.csv,0.0
2015_09_22_01_45_bci_t.csv,0.0
2015_09_22_01_50_bci_t.csv,0.0
2015_09_22_01_55_bci_t.csv,0.0
2015_09_22_02_45_bci_t.csv,0.0
2015_09_22_02_35_bci_t.csv,0.0
2015_09_22_02_40_bci_t.csv,0.0
2015_09_22_02_45_bci_t.csv,0.0
2015_09_22_02_50_bci_t.csv,0.0
2015_09_22_02_55_bci_t.csv,0.0
2015_09_22_03_15_bci_t.csv,0.0
2015_09_22_02_35_bci_t.csv,0.0
2015_09_22_02_40_bci_t.csv,0.0
2015_09_22_02_45_bci_t.csv,0.0
2015_09_22_02_50_bci_t.csv,0.0
2015_09_22_02_55_bci_t.csv,0.0
2015_09_22_03_45_bci_t.csv,0.0
2015_09_22_03_35_bci_t.csv,0.0
2015_09_22_03_40_bci_t.csv,0.0
2015_09_22_03_45_bci_t.csv,0.0
2015_09_22_03_50_bci_t.csv,0.0
2015_09_22_03_55_bci_t.csv,0.0
2015_09_22_04_15_bci_t.csv,0.0
2015_09_22_03_35_bci_t.csv,0.0
2015_09_22_03_40_bci_t.csv,0.0
2015_09_22_03_45_bci_t.csv,0.0
2015_09_22_03_50_bci_t.csv,0.0
2015_09_22_03_55_bci_t.csv,0.0
2015_09_22_04_45_bci_t.csv,0.0
2015_09_22_04_35_bci_t.csv,0.0
2015_09_22_04_40_bci_t.csv,0.0
2015_09_22_04_45_bci_t.csv,0.0
2015_09_22_04_50_bci_t.csv,0.0
2015_09_22_04_55_bci_t.csv,0.0
2015_09_22_05_15_bci_t.csv,0.0
2015_09_22_04_35_bci_t.csv,0.0
2015_09_22_04_40_bci_t.csv,0.0
2015_09_22_04_45_bci_t.csv,0.0
2015_09_22_04_50_bci_t.csv,0.0
2015_09_22_04_55_bci_t.csv,0.0
2015_09_22_05_45_bci_t.csv,0.0
2015_09_22_05_35_bci_t.csv,0.3395751825
2015_09_22_05_40_bci_t.csv,0.679150365
2015_09_22_05_45_bci_t.csv,1.0187255475
2015_09_22_05_50_bci_t.csv,1.35830073
2015_09_22_05_55_bci_t.csv,1.6978759125
2015_09_22_06_15_bci_t.csv,2.037451095
2015_09_22_05_35_bci_t.csv,2.2901380775
2015_09_22_05_40_bci_t.csv,2.54282506
2015_09_22_05_45_bci_t.csv,2.7955120425000004
2015_09_22_05_50_bci_t.csv,3.0481990250000006
2015_09_22_05_55_bci_t.csv,3.300886007500001
2015_09_22_06_45_bci_t.csv,3.55357299
2015_09_22_06_35_bci_t.csv,4.793952355
2015_09_22_06_40_bci_t.csv,6.03433172
2015_09_22_06_45_bci_t.csv,7.274711085
2015_09_22_06_50_bci_t.csv,8.51509045
2015_09_22_06_55_bci_t.csv,9.755469815000001
2015_09_22_07_15_bci_t.csv,10.99584918
2015_09_22_06_35_bci_t.csv,10.471705940166666
2015_09_22_06_40_bci_t.csv,9.947562700333332
2015_09_22_06_45_bci_t.csv,9.423419460499998
2015_09_22_06_50_bci_t.csv,8.899276220666664
2015_09_22_06_55_bci_t.csv,8.37513298083333
2015_09_22_07_45_bci_t.csv,7.850989741
2015_09_22_07_35_bci_t.csv,7.299346167166667
2015_09_22_07_40_bci_t.csv,6.747702593333334
2015_09_22_07_45_bci_t.csv,6.196059019500001
2015_09_22_07_50_bci_t.csv,5.6444154456666675
2015_09_22_07_55_bci_t.csv,5.092771871833334
2015_09_22_08_15_bci_t.csv,4.541128298
2015_09_22_07_35_bci_t.csv,7.344176473333334
2015_09_22_07_40_bci_t.csv,10.147224648666668
2015_09_22_07_45_bci_t.csv,12.950272824000002
2015_09_22_07_50_bci_t.csv,15.753320999333337
2015_09_22_07_55_bci_t.csv,18.55636917466667
2015_09_22_08_45_bci_t.csv,21.35941735
2015_09_22_08_35_bci_t.csv,20.90164392666667
2015_09_22_08_40_bci_t.csv,20.443870503333336
2015_09_22_08_45_bci_t.csv,19.986097080000004
2015_09_22_08_50_bci_t.csv,19.52832365666667
2015_09_22_08_55_bci_t.csv,19.07055023333334
2015_09_22_09_15_bci_t.csv,18.61277681
2015_09_22_08_35_bci_t.csv,20.50529165
2015_09_22_08_40_bci_t.csv,22.39780649
2015_09_22_08_45_bci_t.csv,24.29032133
2015_09_22_08_50_bci_t.csv,26.18283617
2015_09_22_08_55_bci_t.csv,28.075351010000002
2015_09_22_09_45_bci_t.csv,29.96786585
2015_09_22_09_35_bci_t.csv,28.289538801666666
2015_09_22_09_40_bci_t.csv,26.611211753333333
2015_09_22_09_45_bci_t.csv,24.932884705
2015_09_22_09_50_bci_t.csv,23.254557656666666
2015_09_22_09_55_bci_t.csv,21.576230608333333
2015_09_22_10_15_bci_t.csv,19.89790356
2015_09_22_09_35_bci_t.csv,20.303567258333334
2015_09_22_09_40_bci_t.csv,20.70923095666667
2015_09_22_09_45_bci_t.csv,21.114894655000004
2015_09_22_09_50_bci_t.csv,21.52055835333334
2015_09_22_09_55_bci_t.csv,21.926222051666674
2015_09_22_10_45_bci_t.csv,22.33188575
2015_09_22_10_35_bci_t.csv,23.10987053166667
2015_09_22_10_40_bci_t.csv,23.887855313333336
2015_09_22_10_45_bci_t.csv,24.665840095000004
2015_09_22_10_50_bci_t.csv,25.44382487666667
2015_09_22_10_55_bci_t.csv,26.22180965833334
2015_09_22_11_15_bci_t.csv,26.99979444
2015_09_22_10_35_bci_t.csv,25.869275171666665
2015_09_22_10_40_bci_t.csv,24.73875590333333
2015_09_22_10_45_bci_t.csv,23.608236634999997
2015_09_22_10_50_bci_t.csv,22.477717366666663
2015_09_22_10_55_bci_t.csv,21.34719809833333
2015_09_22_11_45_bci_t.csv,20.21667883
2015_09_22_11_35_bci_t.csv,20.724463158333332
2015_09_22_11_40_bci_t.csv,21.232247486666665
2015_09_22_11_45_bci_t.csv,21.740031815
2015_09_22_11_50_bci_t.csv,22.24781614333333
2015_09_22_11_55_bci_t.csv,22.755600471666664
2015_09_22_12_15_bci_t.csv,23.2633848
2015_09_22_11_35_bci_t.csv,23.443017023333333
2015_09_22_11_40_bci_t.csv,23.622649246666665
2015_09_22_11_45_bci_t.csv,23.802281469999997
2015_09_22_11_50_bci_t.csv,23.98191369333333
2015_09_22_11_55_bci_t.csv,24.16154591666666
2015_09_22_12_45_bci_t.csv,24.34117814
2015_09_22_12_35_bci_t.csv,25.12291546166667
2015_09_22_12_40_bci_t.csv,25.904652783333336
2015_09_22_12_45_bci_t.csv,26.686390105000005
2015_09_22_12_50_bci_t.csv,27.468127426666673
2015_09_22_12_55_bci_t.csv,28.24986474833334
2015_09_22_13_15_bci_t.csv,29.03160207
2015_09_22_12_35_bci_t.csv,28.647974953333335
2015_09_22_12_40_bci_t.csv,28.26434783666667
2015_09_22_12_45_bci_t.csv,27.880720720000003
2015_09_22_12_50_bci_t.csv,27.497093603333337
2015_09_22_12_55_bci_t.csv,27.11346648666667
2015_09_22_13_45_bci_t.csv,26.72983937
2015_09_22_13_35_bci_t.csv,26.34780533
2015_09_22_13_40_bci_t.csv,25.96577129
2015_09_22_13_45_bci_t.csv,25.58373725
2015_09_22_13_50_bci_t.csv,25.201703209999998
2015_09_22_13_55_bci_t.csv,24.819669169999997
2015_09_22_14_15_bci_t.csv,24.43763513
2015_09_22_13_35_bci_t.csv,24.248243618333333
2015_09_22_13_40_bci_t.csv,24.058852106666667
2015_09_22_13_45_bci_t.csv,23.869460595
2015_09_22_13_50_bci_t.csv,23.680069083333333
2015_09_22_13_55_bci_t.csv,23.490677571666666
2015_09_22_14_45_bci_t.csv,23.30128606
2015_09_22_14_35_bci_t.csv,20.35376421333333
2015_09_22_14_40_bci_t.csv,17.406242366666664
2015_09_22_14_45_bci_t.csv,14.458720519999998
2015_09_22_14_50_bci_t.csv,11.511198673333332
2015_09_22_14_55_bci_t.csv,8.563676826666667
2015_09_22_15_15_bci_t.csv,5.61615498
2015_09_22_14_35_bci_t.csv,5.8625132165
2015_09_22_14_40_bci_t.csv,6.108871453
2015_09_22_14_45_bci_t.csv,6.3552296895
2015_09_22_14_50_bci_t.csv,6.601587926
2015_09_22_14_55_bci_t.csv,6.8479461624999995
2015_09_22_15_45_bci_t.csv,7.094304398999999
2015_09_22_15_35_bci_t.csv,6.407089564666666
2015_09_22_15_40_bci_t.csv,5.719874730333333
2015_09_22_15_45_bci_t.csv,5.032659896
2015_09_22_15_50_bci_t.csv,4.345445061666667
2015_09_22_15_55_bci_t.csv,3.658230227333334
2015_09_22_16_15_bci_t.csv,2.971015393
2015_09_22_15_35_bci_t.csv,2.636605054
2015_09_22_15_40_bci_t.csv,2.3021947149999997
2015_09_22_15_45_bci_t.csv,1.9677843759999998
2015_09_22_15_50_bci_t.csv,1.6333740369999998
2015_09_22_15_55_bci_t.csv,1.2989636979999999
2015_09_22_16_45_bci_t.csv,0.964553359
2015_09_22_16_35_bci_t.csv,0.8037944658333334
2015_09_22_16_40_bci_t.csv,0.6430355726666667
2015_09_22_16_45_bci_t.csv,0.48227667949999997
2015_09_22_16_50_bci_t.csv,0.3215177863333333
2015_09_22_16_55_bci_t.csv,0.1607588931666666
2015_09_22_17_15_bci_t.csv,0.0
2015_09_22_16_35_bci_t.csv,0.0
2015_09_22_16_40_bci_t.csv,0.0
2015_09_22_16_45_bci_t.csv,0.0
2015_09_22_16_50_bci_t.csv,0.0
2015_09_22_16_55_bci_t.csv,0.0
2015_09_22_17_45_bci_t.csv,0.0
2015_09_22_17_35_bci_t.csv,0.0
2015_09_22_17_40_bci_t.csv,0.0
2015_09_22_17_45_bci_t.csv,0.0
2015_09_22_17_50_bci_t.csv,0.0
2015_09_22_17_55_bci_t.csv,0.0
2015_09_22_18_15_bci_t.csv,0.0
2015_09_22_17_35_bci_t.csv,0.0
2015_09_22_17_40_bci_t.csv,0.0
2015_09_22_17_45_bci_t.csv,0.0
2015_09_22_17_50_bci_t.csv,0.0
2015_09_22_17_55_bci_t.csv,0.0
2015_09_22_18_45_bci_t.csv,0.0
2015_09_22_18_35_bci_t.csv,0.0
2015_09_22_18_40_bci_t.csv,0.0
2015_09_22_18_45_bci_t.csv,0.0
2015_09_22_18_50_bci_t.csv,0.0
2015_09_22_18_55_bci_t.csv,0.0
2015_09_22_19_15_bci_t.csv,0.0
2015_09_22_18_35_bci_t.csv,0.0
2015_09_22_18_40_bci_t.csv,0.0
2015_09_22_18_45_bci_t.csv,0.0
2015_09_22_18_50_bci_t.csv,0.0
2015_09_22_18_55_bci_t.csv,0.0
2015_09_22_19_45_bci_t.csv,0.0
2015_09_22_19_35_bci_t.csv,0.0
2015_09_22_19_40_bci_t.csv,0.0
2015_09_22_19_45_bci_t.csv,0.0
2015_09_22_19_50_bci_t.csv,0.0
2015_09_22_19_55_bci_t.csv,0.0
2015_09_22_20_15_bci_t.csv,0.0
2015_09_22_19_35_bci_t.csv,0.0
2015_09_22_19_40_bci_t.csv,0.0
2015_09_22_19_45_bci_t.csv,0.0
2015_09_22_19_50_bci_t.csv,0.0
2015_09_22_19_55_bci_t.csv,0.0
2015_09_22_20_45_bci_t.csv,0.0
2015_09_22_20_35_bci_t.csv,0.0
2015_09_22_20_40_bci_t.csv,0.0
2015_09_22_20_45_bci_t.csv,0.0
2015_09_22_20_50_bci_t.csv,0.0
2015_09_22_20_55_bci_t.csv,0.0
2015_09_22_21_15_bci_t.csv,0.0
2015_09_22_20_35_bci_t.csv,0.0
2015_09_22_20_40_bci_t.csv,0.0
2015_09_22_20_45_bci_t.csv,0.0
2015_09_22_20_50_bci_t.csv,0.0
2015_09_22_20_55_bci_t.csv,0.0
2015_09_22_21_45_bci_t.csv,0.0
2015_09_22_21_35_bci_t.csv,0.0
2015_09_22_21_40_bci_t.csv,0.0
2015_09_22_21_45_bci_t.csv,0.0
2015_09_22_21_50_bci_t.csv,0.0
2015_09_22_21_55_bci_t.csv,0.0
2015_09_22_22_15_bci_t.csv,0.0
2015_09_22_21_35_bci_t.csv,0.0
2015_09_22_21_40_bci_t.csv,0.0
2015_09_22_21_45_bci_t.csv,0.0
2015_09_22_21_50_bci_t.csv,0.0
2015_09_22_21_55_bci_t.csv,0.0
2015_09_22_22_45_bci_t.csv,0.0
2015_09_22_22_35_bci_t.csv,0.0
2015_09_22_22_40_bci_t.csv,0.0
2015_09_22_22_45_bci_t.csv,0.0
2015_09_22_22_50_bci_t.csv,0.0
2015_09_22_22_55_bci_t.csv,0.0
2015_09_22_23_15_bci_t.csv,0.0
2015_09_22_22_35_bci_t.csv,0.0
2015_09_22_22_40_bci_t.csv,0.0
2015_09_22_22_45_bci_t.csv,0.0
2015_09_22_22_50_bci_t.csv,0.0
2015_09_22_22_55_bci_t.csv,0.0
2015_09_22_23_45_bci_t.csv,0.0
2015_09_22_23_35_bci_t.csv,0.0
2015_09_22_23_40_bci_t.csv,0.0
2015_09_22_23_45_bci_t.csv,0.0
2015_09_22_23_50_bci_t.csv,0.0
2015_09_22_23_55_bci_t.csv,0.0
2015_09_23_00_15_bci_t.csv,0.0
2015_09_22_23_35_bci_t.csv,0.0
2015_09_22_23_40_bci_t.csv,0.0
2015_09_22_23_45_bci_t.csv,0.0
2015_09_22_23_50_bci_t.csv,0.0
2015_09_22_23_55_bci_t.csv,0.0
2015_09_23_00_45_bci_t.csv,0.0
2015_09_23_00_35_bci_t.csv,0.0
2015_09_23_00_40_bci_t.csv,0.0
2015_09_23_00_45_bci_t.csv,0.0
2015_09_23_00_50_bci_t.csv,0.0
2015_09_23_00_55_bci_t.csv,0.0
2015_09_23_01_15_bci_t.csv,0.0
2015_09_23_00_35_bci_t.csv,0.0
2015_09_23_00_40_bci_t.csv,0.0
2015_09_23_00_45_bci_t.csv,0.0
2015_09_23_00_50_bci_t.csv,0.0
2015_09_23_00_55_bci_t.csv,0.0
2015_09_23_01_45_bci_t.csv,0.0
2015_09_23_01_35_bci_t.csv,0.0
2015_09_23_01_40_bci_t.csv,0.0
2015_09_23_01_45_bci_t.csv,0.0
2015_09_23_01_50_bci_t.csv,0.0
2015_09_23_01_55_bci_t.csv,0.0
2015_09_23_02_15_bci_t.csv,0.0
2015_09_23_01_35_bci_t.csv,0.0
2015_09_23_01_40_bci_t.csv,0.0
2015_09_23_01_45_bci_t.csv,0.0
2015_09_23_01_50_bci_t.csv,0.0
2015_09_23_01_55_bci_t.csv,0.0
2015_09_23_02_45_bci_t.csv,0.0
2015_09_23_02_35_bci_t.csv,0.0
2015_09_23_02_40_bci_t.csv,0.0
2015_09_23_02_45_bci_t.csv,0.0
2015_09_23_02_50_bci_t.csv,0.0
2015_09_23_02_55_bci_t.csv,0.0
2015_09_23_03_15_bci_t.csv,0.0
2015_09_23_02_35_bci_t.csv,0.0
2015_09_23_02_40_bci_t.csv,0.0
2015_09_23_02_45_bci_t.csv,0.0
2015_09_23_02_50_bci_t.csv,0.0
2015_09_23_02_55_bci_t.csv,0.0
2015_09_23_03_45_bci_t.csv,0.0
2015_09_23_03_35_bci_t.csv,0.0
2015_09_23_03_40_bci_t.csv,0.0
2015_09_23_03_45_bci_t.csv,0.0
2015_09_23_03_50_bci_t.csv,0.0
2015_09_23_03_55_bci_t.csv,0.0
2015_09_23_04_15_bci_t.csv,0.0
2015_09_23_03_35_bci_t.csv,0.0
2015_09_23_03_40_bci_t.csv,0.0
2015_09_23_03_45_bci_t.csv,0.0
2015_09_23_03_50_bci_t.csv,0.0
2015_09_23_03_55_bci_t.csv,0.0
2015_09_23_04_45_bci_t.csv,0.0
2015_09_23_04_35_bci_t.csv,0.0
2015_09_23_04_40_bci_t.csv,0.0
2015_09_23_04_45_bci_t.csv,0.0
2015_09_23_04_50_bci_t.csv,0.0
2015_09_23_04_55_bci_t.csv,0.0
2015_09_23_05_15_bci_t.csv,0.0
2015_09_23_04_35_bci_t.csv,0.0
2015_09_23_04_40_bci_t.csv,0.0
2015_09_23_04_45_bci_t.csv,0.0
2015_09_23_04_50_bci_t.csv,0.0
2015_09_23_04_55_bci_t.csv,0.0
2015_09_23_05_45_bci_t.csv,0.0
2015_09_23_05_35_bci_t.csv,0.3522363336666667
2015_09_23_05_40_bci_t.csv,0.7044726673333334
2015_09_23_05_45_bci_t.csv,1.056709001
2015_09_23_05_50_bci_t.csv,1.4089453346666667
2015_09_23_05_55_bci_t.csv,1.7611816683333334
2015_09_23_06_15_bci_t.csv,2.113418002
2015_09_23_05_35_bci_t.csv,2.9919767795
2015_09_23_05_40_bci_t.csv,3.8705355569999997
2015_09_23_05_45_bci_t.csv,4.7490943345
2015_09_23_05_50_bci_t.csv,5.627653112
2015_09_23_05_55_bci_t.csv,6.5062118895
2015_09_23_06_45_bci_t.csv,7.384770667000001
2015_09_23_06_35_bci_t.csv,6.3035608791666675
2015_09_23_06_40_bci_t.csv,5.222351091333334
2015_09_23_06_45_bci_t.csv,4.141141303500001
2015_09_23_06_50_bci_t.csv,3.059931515666668
2015_09_23_06_55_bci_t.csv,1.9787217278333349
2015_09_23_07_15_bci_t.csv,0.89751194
2015_09_23_06_35_bci_t.csv,0.775724186
2015_09_23_06_40_bci_t.csv,0.6539364320000001
2015_09_23_06_45_bci_t.csv,0.5321486780000001
2015_09_23_06_50_bci_t.csv,0.41036092400000007
2015_09_23_06_55_bci_t.csv,0.28857317000000005
2015_09_23_07_45_bci_t.csv,0.166785416
2015_09_23_07_35_bci_t.csv,4.195256551666667
2015_09_23_07_40_bci_t.csv,8.223727687333334
2015_09_23_07_45_bci_t.csv,12.252198823
2015_09_23_07_50_bci_t.csv,16.280669958666667
2015_09_23_07_55_bci_t.csv,20.309141094333334
2015_09_23_08_15_bci_t.csv,24.33761223
2015_09_23_07_35_bci_t.csv,23.372674383333333
2015_09_23_07_40_bci_t.csv,22.407736536666665
2015_09_23_07_45_bci_t.csv,21.442798689999996
2015_09_23_07_50_bci_t.csv,20.47786084333333
2015_09_23_07_55_bci_t.csv,19.51292299666666
2015_09_23_08_45_bci_t.csv,18.54798515
2015_09_23_08_35_bci_t.csv,18.94945512
2015_09_23_08_40_bci_t.csv,19.35092509
2015_09_23_08_45_bci_t.csv,19.75239506
2015_09_23_08_50_bci_t.csv,20.153865030000002
2015_09_23_08_55_bci_t.csv,20.555335000000003
2015_09_23_09_15_bci_t.csv,20.95680497
2015_09_23_08_35_bci_t.csv,19.374234323333333
2015_09_23_08_40_bci_t.csv,17.791663676666666
2015_09_23_08_45_bci_t.csv,16.20909303
2015_09_23_08_50_bci_t.csv,14.62652238333333
2015_09_23_08_55_bci_t.csv,13.043951736666664
2015_09_23_09_45_bci_t.csv,11.46138109
2015_09_23_09_35_bci_t.csv,12.599969995
2015_09_23_09_40_bci_t.csv,13.738558900000001
2015_09_23_09_45_bci_t.csv,14.877147805000002
2015_09_23_09_50_bci_t.csv,16.015736710000002
2015_09_23_09_55_bci_t.csv,17.154325615
2015_09_23_10_15_bci_t.csv,18.29291452
2015_09_23_09_35_bci_t.csv,21.59002505666667
2015_09_23_09_40_bci_t.csv,24.887135593333333
2015_09_23_09_45_bci_t.csv,28.18424613
2015_09_23_09_50_bci_t.csv,31.481356666666663
2015_09_23_09_55_bci_t.csv,34.77846720333333
2015_09_23_10_45_bci_t.csv,38.07557774
2015_09_23_10_35_bci_t.csv,35.93739680666667
2015_09_23_10_40_bci_t.csv,33.79921587333334
2015_09_23_10_45_bci_t.csv,31.661034940000004
2015_09_23_10_50_bci_t.csv,29.52285400666667
2015_09_23_10_55_bci_t.csv,27.384673073333335
2015_09_23_11_15_bci_t.csv,25.24649214
2015_09_23_10_35_bci_t.csv,24.45004447666667
2015_09_23_10_40_bci_t.csv,23.653596813333337
2015_09_23_10_45_bci_t.csv,22.857149150000005
2015_09_23_10_50_bci_t.csv,22.060701486666673
2015_09_23_10_55_bci_t.csv,21.26425382333334
2015_09_23_11_45_bci_t.csv,20.46780616
2015_09_23_11_35_bci_t.csv,19.834060694999998
2015_09_23_11_40_bci_t.csv,19.200315229999998
2015_09_23_11_45_bci_t.csv,18.566569764999997
2015_09_23_11_50_bci_t.csv,17.932824299999996
2015_09_23_11_55_bci_t.csv,17.299078834999996
2015_09_23_12_15_bci_t.csv,16.66533337
2015_09_23_11_35_bci_t.csv,16.798359435
2015_09_23_11_40_bci_t.csv,16.931385499999998
2015_09_23_11_45_bci_t.csv,17.064411564999997
2015_09_23_11_50_bci_t.csv,17.197437629999996
2015_09_23_11_55_bci_t.csv,17.330463694999995
2015_09_23_12_45_bci_t.csv,17.46348976
2015_09_23_12_35_bci_t.csv,17.78618033
2015_09_23_12_40_bci_t.csv,18.1088709
2015_09_23_12_45_bci_t.csv,18.43156147
2015_09_23_12_50_bci_t.csv,18.754252039999997
2015_09_23_12_55_bci_t.csv,19.076942609999996
2015_09_23_13_15_bci_t.csv,19.39963318
2015_09_23_12_35_bci_t.csv,18.73564649833333
2015_09_23_12_40_bci_t.csv,18.071659816666664
2015_09_23_12_45_bci_t.csv,17.407673134999996
2015_09_23_12_50_bci_t.csv,16.74368645333333
2015_09_23_12_55_bci_t.csv,16.07969977166666
2015_09_23_13_45_bci_t.csv,15.41571309
2015_09_23_13_35_bci_t.csv,13.870411927333334
2015_09_23_13_40_bci_t.csv,12.325110764666668
2015_09_23_13_45_bci_t.csv,10.779809602000002
2015_09_23_13_50_bci_t.csv,9.234508439333336
2015_09_23_13_55_bci_t.csv,7.689207276666669
2015_09_23_14_15_bci_t.csv,6.143906114
2015_09_23_13_35_bci_t.csv,5.4298960874999995
2015_09_23_13_40_bci_t.csv,4.715886060999999
2015_09_23_13_45_bci_t.csv,4.001876034499999
2015_09_23_13_50_bci_t.csv,3.2878660079999986
2015_09_23_13_55_bci_t.csv,2.5738559814999986
2015_09_23_14_45_bci_t.csv,1.859845955
2015_09_23_14_35_bci_t.csv,1.8023706491666667
2015_09_23_14_40_bci_t.csv,1.7448953433333334
2015_09_23_14_45_bci_t.csv,1.6874200375000001
2015_09_23_14_50_bci_t.csv,1.6299447316666669
2015_09_23_14_55_bci_t.csv,1.5724694258333336
2015_09_23_15_15_bci_t.csv,1.51499412
2015_09_23_14_35_bci_t.csv,1.2624951000000002
2015_09_23_14_40_bci_t.csv,1.00999608
2015_09_23_14_45_bci_t.csv,0.75749706
2015_09_23_14_50_bci_t.csv,0.50499804
2015_09_23_14_55_bci_t.csv,0.25249902
2015_09_23_15_45_bci_t.csv,0.0
2015_09_23_15_35_bci_t.csv,0.14499570183333332
2015_09_23_15_40_bci_t.csv,0.28999140366666665
2015_09_23_15_45_bci_t.csv,0.43498710549999997
2015_09_23_15_50_bci_t.csv,0.5799828073333333
2015_09_23_15_55_bci_t.csv,0.7249785091666666
2015_09_23_16_15_bci_t.csv,0.8699742109999999
2015_09_23_15_35_bci_t.csv,0.9742556033333333
2015_09_23_15_40_bci_t.csv,1.0785369956666666
2015_09_23_15_45_bci_t.csv,1.1828183879999998
2015_09_23_15_50_bci_t.csv,1.287099780333333
2015_09_23_15_55_bci_t.csv,1.3913811726666663
2015_09_23_16_45_bci_t.csv,1.495662565
2015_09_23_16_35_bci_t.csv,1.454751495
2015_09_23_16_40_bci_t.csv,1.413840425
2015_09_23_16_45_bci_t.csv,1.3729293550000001
2015_09_23_16_50_bci_t.csv,1.3320182850000002
2015_09_23_16_55_bci_t.csv,1.2911072150000003
2015_09_23_17_15_bci_t.csv,1.250196145
2015_09_23_16_35_bci_t.csv,1.0418301208333334
2015_09_23_16_40_bci_t.csv,0.8334640966666667
2015_09_23_16_45_bci_t.csv,0.6250980724999999
2015_09_23_16_50_bci_t.csv,0.4167320483333332
2015_09_23_16_55_bci_t.csv,0.20836602416666652
2015_09_23_17_45_bci_t.csv,0.0
2015_09_23_17_35_bci_t.csv,0.0
2015_09_23_17_40_bci_t.csv,0.0
2015_09_23_17_45_bci_t.csv,0.0
2015_09_23_17_50_bci_t.csv,0.0
2015_09_23_17_55_bci_t.csv,0.0
2015_09_23_18_15_bci_t.csv,0.0
2015_09_23_17_35_bci_t.csv,0.0
2015_09_23_17_40_bci_t.csv,0.0
2015_09_23_17_45_bci_t.csv,0.0
2015_09_23_17_50_bci_t.csv,0.0
2015_09_23_17_55_bci_t.csv,0.0
2015_09_23_18_45_bci_t.csv,0.0
2015_09_23_18_35_bci_t.csv,0.0
2015_09_23_18_40_bci_t.csv,0.0
2015_09_23_18_45_bci_t.csv,0.0
2015_09_23_18_50_bci_t.csv,0.0
2015_09_23_18_55_bci_t.csv,0.0
2015_09_23_19_15_bci_t.csv,0.0
2015_09_23_18_35_bci_t.csv,0.0
2015_09_23_18_40_bci_t.csv,0.0
2015_09_23_18_45_bci_t.csv,0.0
2015_09_23_18_50_bci_t.csv,0.0
2015_09_23_18_55_bci_t.csv,0.0
2015_09_23_19_45_bci_t.csv,0.0
2015_09_23_19_35_bci_t.csv,0.0
2015_09_23_19_40_bci_t.csv,0.0
2015_09_23_19_45_bci_t.csv,0.0
2015_09_23_19_50_bci_t.csv,0.0
2015_09_23_19_55_bci_t.csv,0.0
2015_09_23_20_15_bci_t.csv,0.0
2015_09_23_19_35_bci_t.csv,0.0
2015_09_23_19_40_bci_t.csv,0.0
2015_09_23_19_45_bci_t.csv,0.0
2015_09_23_19_50_bci_t.csv,0.0
2015_09_23_19_55_bci_t.csv,0.0
2015_09_23_20_45_bci_t.csv,0.0
2015_09_23_20_35_bci_t.csv,0.0
2015_09_23_20_40_bci_t.csv,0.0
2015_09_23_20_45_bci_t.csv,0.0
2015_09_23_20_50_bci_t.csv,0.0
2015_09_23_20_55_bci_t.csv,0.0
2015_09_23_21_15_bci_t.csv,0.0
2015_09_23_20_35_bci_t.csv,0.0
2015_09_23_20_40_bci_t.csv,0.0
2015_09_23_20_45_bci_t.csv,0.0
2015_09_23_20_50_bci_t.csv,0.0
2015_09_23_20_55_bci_t.csv,0.0
2015_09_23_21_45_bci_t.csv,0.0
2015_09_23_21_35_bci_t.csv,0.0
2015_09_23_21_40_bci_t.csv,0.0
2015_09_23_21_45_bci_t.csv,0.0
2015_09_23_21_50_bci_t.csv,0.0
2015_09_23_21_55_bci_t.csv,0.0
2015_09_23_22_15_bci_t.csv,0.0
2015_09_23_21_35_bci_t.csv,0.0
2015_09_23_21_40_bci_t.csv,0.0
2015_09_23_21_45_bci_t.csv,0.0
2015_09_23_21_50_bci_t.csv,0.0
2015_09_23_21_55_bci_t.csv,0.0
2015_09_23_22_45_bci_t.csv,0.0
2015_09_23_22_35_bci_t.csv,0.0
2015_09_23_22_40_bci_t.csv,0.0
2015_09_23_22_45_bci_t.csv,0.0
2015_09_23_22_50_bci_t.csv,0.0
2015_09_23_22_55_bci_t.csv,0.0
2015_09_23_23_15_bci_t.csv,0.0
2015_09_23_22_35_bci_t.csv,0.0
2015_09_23_22_40_bci_t.csv,0.0
2015_09_23_22_45_bci_t.csv,0.0
2015_09_23_22_50_bci_t.csv,0.0
2015_09_23_22_55_bci_t.csv,0.0
2015_09_23_23_45_bci_t.csv,0.0
2015_09_23_23_35_bci_t.csv,0.0
2015_09_23_23_40_bci_t.csv,0.0
2015_09_23_23_45_bci_t.csv,0.0
2015_09_23_23_50_bci_t.csv,0.0
2015_09_23_23_55_bci_t.csv,0.0
2015_09_24_00_15_bci_t.csv,0.0
2015_09_23_23_35_bci_t.csv,0.0
2015_09_23_23_40_bci_t.csv,0.0
2015_09_23_23_45_bci_t.csv,0.0
2015_09_23_23_50_bci_t.csv,0.0
2015_09_23_23_55_bci_t.csv,0.0
2015_09_24_00_45_bci_t.csv,0.0
2015_09_24_00_35_bci_t.csv,0.0
2015_09_24_00_40_bci_t.csv,0.0
2015_09_24_00_45_bci_t.csv,0.0
2015_09_24_00_50_bci_t.csv,0.0
2015_09_24_00_55_bci_t.csv,0.0
2015_09_24_01_15_bci_t.csv,0.0
2015_09_24_00_35_bci_t.csv,0.0
2015_09_24_00_40_bci_t.csv,0.0
2015_09_24_00_45_bci_t.csv,0.0
2015_09_24_00_50_bci_t.csv,0.0
2015_09_24_00_55_bci_t.csv,0.0
2015_09_24_01_45_bci_t.csv,0.0
2015_09_24_01_35_bci_t.csv,0.0
2015_09_24_01_40_bci_t.csv,0.0
2015_09_24_01_45_bci_t.csv,0.0
2015_09_24_01_50_bci_t.csv,0.0
2015_09_24_01_55_bci_t.csv,0.0
2015_09_24_02_15_bci_t.csv,0.0
2015_09_24_01_35_bci_t.csv,0.0
2015_09_24_01_40_bci_t.csv,0.0
2015_09_24_01_45_bci_t.csv,0.0
2015_09_24_01_50_bci_t.csv,0.0
2015_09_24_01_55_bci_t.csv,0.0
2015_09_24_02_45_bci_t.csv,0.0
2015_09_24_02_35_bci_t.csv,0.0
2015_09_24_02_40_bci_t.csv,0.0
2015_09_24_02_45_bci_t.csv,0.0
2015_09_24_02_50_bci_t.csv,0.0
2015_09_24_02_55_bci_t.csv,0.0
2015_09_24_03_15_bci_t.csv,0.0
2015_09_24_02_35_bci_t.csv,0.0
2015_09_24_02_40_bci_t.csv,0.0
2015_09_24_02_45_bci_t.csv,0.0
2015_09_24_02_50_bci_t.csv,0.0
2015_09_24_02_55_bci_t.csv,0.0
2015_09_24_03_45_bci_t.csv,0.0
2015_09_24_03_35_bci_t.csv,0.0
2015_09_24_03_40_bci_t.csv,0.0
2015_09_24_03_45_bci_t.csv,0.0
2015_09_24_03_50_bci_t.csv,0.0
2015_09_24_03_55_bci_t.csv,0.0
2015_09_24_04_15_bci_t.csv,0.0
2015_09_24_03_35_bci_t.csv,0.0
2015_09_24_03_40_bci_t.csv,0.0
2015_09_24_03_45_bci_t.csv,0.0
2015_09_24_03_50_bci_t.csv,0.0
2015_09_24_03_55_bci_t.csv,0.0
2015_09_24_04_45_bci_t.csv,0.0
2015_09_24_04_35_bci_t.csv,0.0
2015_09_24_04_40_bci_t.csv,0.0
2015_09_24_04_45_bci_t.csv,0.0
2015_09_24_04_50_bci_t.csv,0.0
2015_09_24_04_55_bci_t.csv,0.0
2015_09_24_05_15_bci_t.csv,0.0
2015_09_24_04_35_bci_t.csv,0.0
2015_09_24_04_40_bci_t.csv,0.0
2015_09_24_04_45_bci_t.csv,0.0
2015_09_24_04_50_bci_t.csv,0.0
2015_09_24_04_55_bci_t.csv,0.0
2015_09_24_05_45_bci_t.csv,0.0
2015_09_24_05_35_bci_t.csv,1.1272481920000001
2015_09_24_05_40_bci_t.csv,2.2544963840000003
2015_09_24_05_45_bci_t.csv,3.3817445760000004
2015_09_24_05_50_bci_t.csv,4.508992768000001
2015_09_24_05_55_bci_t.csv,5.63624096
2015_09_24_06_15_bci_t.csv,6.763489152000001
2015_09_24_05_35_bci_t.csv,6.054691443000001
2015_09_24_05_40_bci_t.csv,5.345893734000001
2015_09_24_05_45_bci_t.csv,4.637096025
2015_09_24_05_50_bci_t.csv,3.928298316
2015_09_24_05_55_bci_t.csv,3.2195006069999996
2015_09_24_06_45_bci_t.csv,2.510702898
2015_09_24_06_35_bci_t.csv,2.092252415
2015_09_24_06_40_bci_t.csv,1.673801932
2015_09_24_06_45_bci_t.csv,1.255351449
2015_09_24_06_50_bci_t.csv,0.836900966
2015_09_24_06_55_bci_t.csv,0.418450483
2015_09_24_07_15_bci_t.csv,0.0
2015_09_24_06_35_bci_t.csv,2.007482435
2015_09_24_06_40_bci_t.csv,4.01496487
2015_09_24_06_45_bci_t.csv,6.022447305
2015_09_24_06_50_bci_t.csv,8.02992974
2015_09_24_06_55_bci_t.csv,10.037412175
2015_09_24_07_45_bci_t.csv,12.04489461
2015_09_24_07_35_bci_t.csv,11.5717708485
2015_09_24_07_40_bci_t.csv,11.098647087
2015_09_24_07_45_bci_t.csv,10.6255233255
2015_09_24_07_50_bci_t.csv,10.152399564
2015_09_24_07_55_bci_t.csv,9.6792758025
2015_09_24_08_15_bci_t.csv,9.206152041000001
2015_09_24_07_35_bci_t.csv,9.950284624166667
2015_09_24_07_40_bci_t.csv,10.694417207333334
2015_09_24_07_45_bci_t.csv,11.438549790500002
2015_09_24_07_50_bci_t.csv,12.182682373666669
2015_09_24_07_55_bci_t.csv,12.926814956833336
2015_09_24_08_45_bci_t.csv,13.67094754
2015_09_24_08_35_bci_t.csv,15.170861538333334
2015_09_24_08_40_bci_t.csv,16.670775536666667
2015_09_24_08_45_bci_t.csv,18.170689535
2015_09_24_08_50_bci_t.csv,19.670603533333335
2015_09_24_08_55_bci_t.csv,21.17051753166667
2015_09_24_09_15_bci_t.csv,22.67043153
2015_09_24_08_35_bci_t.csv,23.400418108333334
2015_09_24_08_40_bci_t.csv,24.13040468666667
2015_09_24_08_45_bci_t.csv,24.860391265000004
2015_09_24_08_50_bci_t.csv,25.59037784333334
2015_09_24_08_55_bci_t.csv,26.320364421666675
2015_09_24_09_45_bci_t.csv,27.050351000000003
2015_09_24_09_35_bci_t.csv,26.070573233333334
2015_09_24_09_40_bci_t.csv,25.090795466666666
2015_09_24_09_45_bci_t.csv,24.111017699999998
2015_09_24_09_50_bci_t.csv,23.13123993333333
2015_09_24_09_55_bci_t.csv,22.15146216666666
2015_09_24_10_15_bci_t.csv,21.171684399999997
2015_09_24_09_35_bci_t.csv,22.086741796666665
2015_09_24_09_40_bci_t.csv,23.001799193333333
2015_09_24_09_45_bci_t.csv,23.916856590000002
2015_09_24_09_50_bci_t.csv,24.83191398666667
2015_09_24_09_55_bci_t.csv,25.74697138333334
2015_09_24_10_45_bci_t.csv,26.66202878
2015_09_24_10_35_bci_t.csv,25.828833623333335
2015_09_24_10_40_bci_t.csv,24.99563846666667
2015_09_24_10_45_bci_t.csv,24.162443310000004
2015_09_24_10_50_bci_t.csv,23.32924815333334
2015_09_24_10_55_bci_t.csv,22.496052996666673
2015_09_24_11_15_bci_t.csv,21.66285784
2015_09_24_10_35_bci_t.csv,22.574269371666666
2015_09_24_10_40_bci_t.csv,23.485680903333332
2015_09_24_10_45_bci_t.csv,24.397092434999998
2015_09_24_10_50_bci_t.csv,25.308503966666663
2015_09_24_10_55_bci_t.csv,26.21991549833333
2015_09_24_11_45_bci_t.csv,27.13132703
2015_09_24_11_35_bci_t.csv,27.101931843333332
2015_09_24_11_40_bci_t.csv,27.072536656666664
2015_09_24_11_45_bci_t.csv,27.043141469999995
2015_09_24_11_50_bci_t.csv,27.013746283333326
2015_09_24_11_55_bci_t.csv,26.984351096666657
2015_09_24_12_15_bci_t.csv,26.95495591
2015_09_24_11_35_bci_t.csv,26.281342868333333
2015_09_24_11_40_bci_t.csv,25.607729826666667
2015_09_24_11_45_bci_t.csv,24.934116785
2015_09_24_11_50_bci_t.csv,24.260503743333334
2015_09_24_11_55_bci_t.csv,23.58689070166667
2015_09_24_12_45_bci_t.csv,22.91327766
2015_09_24_12_35_bci_t.csv,21.127252271666666
2015_09_24_12_40_bci_t.csv,19.341226883333334
2015_09_24_12_45_bci_t.csv,17.555201495000002
2015_09_24_12_50_bci_t.csv,15.76917610666667
2015_09_24_12_55_bci_t.csv,13.983150718333338
2015_09_24_13_15_bci_t.csv,12.19712533
2015_09_24_12_35_bci_t.csv,13.875864438333334
2015_09_24_12_40_bci_t.csv,15.554603546666668
2015_09_24_12_45_bci_t.csv,17.233342655
2015_09_24_12_50_bci_t.csv,18.912081763333333
2015_09_24_12_55_bci_t.csv,20.590820871666665
2015_09_24_13_45_bci_t.csv,22.26955998
2015_09_24_13_35_bci_t.csv,21.861796295
2015_09_24_13_40_bci_t.csv,21.454032610000002
2015_09_24_13_45_bci_t.csv,21.046268925000003
2015_09_24_13_50_bci_t.csv,20.638505240000004
2015_09_24_13_55_bci_t.csv,20.230741555000005
2015_09_24_14_15_bci_t.csv,19.82297787
2015_09_24_13_35_bci_t.csv,19.951847976666667
2015_09_24_13_40_bci_t.csv,20.080718083333334
2015_09_24_13_45_bci_t.csv,20.20958819
2015_09_24_13_50_bci_t.csv,20.33845829666667
2015_09_24_13_55_bci_t.csv,20.467328403333337
2015_09_24_14_45_bci_t.csv,20.59619851
2015_09_24_14_35_bci_t.csv,23.932890351666668
2015_09_24_14_40_bci_t.csv,27.269582193333335
2015_09_24_14_45_bci_t.csv,30.606274035000002
2015_09_24_14_50_bci_t.csv,33.94296587666667
2015_09_24_14_55_bci_t.csv,37.27965771833334
2015_09_24_15_15_bci_t.csv,40.61634956
2015_09_24_14_35_bci_t.csv,34.972372676666666
2015_09_24_14_40_bci_t.csv,29.328395793333332
2015_09_24_14_45_bci_t.csv,23.684418909999998
2015_09_24_14_50_bci_t.csv,18.040442026666664
2015_09_24_14_55_bci_t.csv,12.39646514333333
2015_09_24_15_45_bci_t.csv,6.75248826
2015_09_24_15_35_bci_t.csv,5.910556464833333
2015_09_24_15_40_bci_t.csv,5.068624669666667
2015_09_24_15_45_bci_t.csv,4.2266928745
2015_09_24_15_50_bci_t.csv,3.384761079333334
2015_09_24_15_55_bci_t.csv,2.5428292841666673
2015_09_24_16_15_bci_t.csv,1.7008974890000002
2015_09_24_15_35_bci_t.csv,1.8038104065000002
2015_09_24_15_40_bci_t.csv,1.906723324
2015_09_24_15_45_bci_t.csv,2.0096362415
2015_09_24_15_50_bci_t.csv,2.112549159
2015_09_24_15_55_bci_t.csv,2.2154620764999997
2015_09_24_16_45_bci_t.csv,2.318374994
2015_09_24_16_35_bci_t.csv,2.015179992666667
2015_09_24_16_40_bci_t.csv,1.7119849913333336
2015_09_24_16_45_bci_t.csv,1.4087899900000003
2015_09_24_16_50_bci_t.csv,1.105594988666667
2015_09_24_16_55_bci_t.csv,0.8023999873333336
2015_09_24_17_15_bci_t.csv,0.499204986
2015_09_24_16_35_bci_t.csv,0.416004155
2015_09_24_16_40_bci_t.csv,0.332803324
2015_09_24_16_45_bci_t.csv,0.249602493
2015_09_24_16_50_bci_t.csv,0.166401662
2015_09_24_16_55_bci_t.csv,0.083200831
2015_09_24_17_45_bci_t.csv,0.0
2015_09_24_17_35_bci_t.csv,0.0
2015_09_24_17_40_bci_t.csv,0.0
2015_09_24_17_45_bci_t.csv,0.0
2015_09_24_17_50_bci_t.csv,0.0
2015_09_24_17_55_bci_t.csv,0.0
2015_09_24_18_15_bci_t.csv,0.0
2015_09_24_17_35_bci_t.csv,0.0
2015_09_24_17_40_bci_t.csv,0.0
2015_09_24_17_45_bci_t.csv,0.0
2015_09_24_17_50_bci_t.csv,0.0
2015_09_24_17_55_bci_t.csv,0.0
2015_09_24_18_45_bci_t.csv,0.0
2015_09_24_18_35_bci_t.csv,0.0
2015_09_24_18_40_bci_t.csv,0.0
2015_09_24_18_45_bci_t.csv,0.0
2015_09_24_18_50_bci_t.csv,0.0
2015_09_24_18_55_bci_t.csv,0.0
2015_09_24_19_15_bci_t.csv,0.0
2015_09_24_18_35_bci_t.csv,0.0
2015_09_24_18_40_bci_t.csv,0.0
2015_09_24_18_45_bci_t.csv,0.0
2015_09_24_18_50_bci_t.csv,0.0
2015_09_24_18_55_bci_t.csv,0.0
2015_09_24_19_45_bci_t.csv,0.0
2015_09_24_19_35_bci_t.csv,0.0
2015_09_24_19_40_bci_t.csv,0.0
2015_09_24_19_45_bci_t.csv,0.0
2015_09_24_19_50_bci_t.csv,0.0
2015_09_24_19_55_bci_t.csv,0.0
2015_09_24_20_15_bci_t.csv,0.0
2015_09_24_19_35_bci_t.csv,0.0
2015_09_24_19_40_bci_t.csv,0.0
2015_09_24_19_45_bci_t.csv,0.0
2015_09_24_19_50_bci_t.csv,0.0
2015_09_24_19_55_bci_t.csv,0.0
2015_09_24_20_45_bci_t.csv,0.0
2015_09_24_20_35_bci_t.csv,0.0
2015_09_24_20_40_bci_t.csv,0.0
2015_09_24_20_45_bci_t.csv,0.0
2015_09_24_20_50_bci_t.csv,0.0
2015_09_24_20_55_bci_t.csv,0.0
2015_09_24_21_15_bci_t.csv,0.0
2015_09_24_20_35_bci_t.csv,0.0
2015_09_24_20_40_bci_t.csv,0.0
2015_09_24_20_45_bci_t.csv,0.0
2015_09_24_20_50_bci_t.csv,0.0
2015_09_24_20_55_bci_t.csv,0.0
2015_09_24_21_45_bci_t.csv,0.0
2015_09_24_21_35_bci_t.csv,0.0
2015_09_24_21_40_bci_t.csv,0.0
2015_09_24_21_45_bci_t.csv,0.0
2015_09_24_21_50_bci_t.csv,0.0
2015_09_24_21_55_bci_t.csv,0.0
2015_09_24_22_15_bci_t.csv,0.0
2015_09_24_21_35_bci_t.csv,0.0
2015_09_24_21_40_bci_t.csv,0.0
2015_09_24_21_45_bci_t.csv,0.0
2015_09_24_21_50_bci_t.csv,0.0
2015_09_24_21_55_bci_t.csv,0.0
2015_09_24_22_45_bci_t.csv,0.0
2015_09_24_22_35_bci_t.csv,0.0
2015_09_24_22_40_bci_t.csv,0.0
2015_09_24_22_45_bci_t.csv,0.0
2015_09_24_22_50_bci_t.csv,0.0
2015_09_24_22_55_bci_t.csv,0.0
2015_09_24_23_15_bci_t.csv,0.0
2015_09_24_22_35_bci_t.csv,0.0
2015_09_24_22_40_bci_t.csv,0.0
2015_09_24_22_45_bci_t.csv,0.0
2015_09_24_22_50_bci_t.csv,0.0
2015_09_24_22_55_bci_t.csv,0.0
2015_09_24_23_45_bci_t.csv,0.0
2015_09_24_23_35_bci_t.csv,0.0
2015_09_24_23_40_bci_t.csv,0.0
2015_09_24_23_45_bci_t.csv,0.0
2015_09_24_23_50_bci_t.csv,0.0
2015_09_24_23_55_bci_t.csv,0.0
2015_09_25_00_15_bci_t.csv,0.0
2015_09_24_23_35_bci_t.csv,0.0
2015_09_24_23_40_bci_t.csv,0.0
2015_09_24_23_45_bci_t.csv,0.0
2015_09_24_23_50_bci_t.csv,0.0
2015_09_24_23_55_bci_t.csv,0.0
2015_09_25_00_45_bci_t.csv,0.0
2015_09_25_00_35_bci_t.csv,0.0
2015_09_25_00_40_bci_t.csv,0.0
2015_09_25_00_45_bci_t.csv,0.0
2015_09_25_00_50_bci_t.csv,0.0
2015_09_25_00_55_bci_t.csv,0.0
2015_09_25_01_15_bci_t.csv,0.0
2015_09_25_00_35_bci_t.csv,0.0
2015_09_25_00_40_bci_t.csv,0.0
2015_09_25_00_45_bci_t.csv,0.0
2015_09_25_00_50_bci_t.csv,0.0
2015_09_25_00_55_bci_t.csv,0.0
2015_09_25_01_45_bci_t.csv,0.0
2015_09_25_01_35_bci_t.csv,0.0
2015_09_25_01_40_bci_t.csv,0.0
2015_09_25_01_45_bci_t.csv,0.0
2015_09_25_01_50_bci_t.csv,0.0
2015_09_25_01_55_bci_t.csv,0.0
2015_09_25_02_15_bci_t.csv,0.0
2015_09_25_01_35_bci_t.csv,0.0
2015_09_25_01_40_bci_t.csv,0.0
2015_09_25_01_45_bci_t.csv,0.0
2015_09_25_01_50_bci_t.csv,0.0
2015_09_25_01_55_bci_t.csv,0.0
2015_09_25_02_45_bci_t.csv,0.0
2015_09_25_02_35_bci_t.csv,0.0
2015_09_25_02_40_bci_t.csv,0.0
2015_09_25_02_45_bci_t.csv,0.0
2015_09_25_02_50_bci_t.csv,0.0
2015_09_25_02_55_bci_t.csv,0.0
2015_09_25_03_15_bci_t.csv,0.0
2015_09_25_02_35_bci_t.csv,0.0
2015_09_25_02_40_bci_t.csv,0.0
2015_09_25_02_45_bci_t.csv,0.0
2015_09_25_02_50_bci_t.csv,0.0
2015_09_25_02_55_bci_t.csv,0.0
2015_09_25_03_45_bci_t.csv,0.0
2015_09_25_03_35_bci_t.csv,0.0
2015_09_25_03_40_bci_t.csv,0.0
2015_09_25_03_45_bci_t.csv,0.0
2015_09_25_03_50_bci_t.csv,0.0
2015_09_25_03_55_bci_t.csv,0.0
2015_09_25_04_15_bci_t.csv,0.0
2015_09_25_03_35_bci_t.csv,0.0
2015_09_25_03_40_bci_t.csv,0.0
2015_09_25_03_45_bci_t.csv,0.0
2015_09_25_03_50_bci_t.csv,0.0
2015_09_25_03_55_bci_t.csv,0.0
2015_09_25_04_45_bci_t.csv,0.0
2015_09_25_04_35_bci_t.csv,0.0
2015_09_25_04_40_bci_t.csv,0.0
2015_09_25_04_45_bci_t.csv,0.0
2015_09_25_04_50_bci_t.csv,0.0
2015_09_25_04_55_bci_t.csv,0.0
2015_09_25_05_15_bci_t.csv,0.0
2015_09_25_04_35_bci_t.csv,0.0
2015_09_25_04_40_bci_t.csv,0.0
2015_09_25_04_45_bci_t.csv,0.0
2015_09_25_04_50_bci_t.csv,0.0
2015_09_25_04_55_bci_t.csv,0.0
2015_09_25_05_45_bci_t.csv,0.0
2015_09_25_05_35_bci_t.csv,0.7215271356666667
2015_09_25_05_40_bci_t.csv,1.4430542713333334
2015_09_25_05_45_bci_t.csv,2.164581407
2015_09_25_05_50_bci_t.csv,2.886108542666667
2015_09_25_05_55_bci_t.csv,3.6076356783333337
2015_09_25_06_15_bci_t.csv,4.329162814
2015_09_25_05_35_bci_t.csv,4.76469071
2015_09_25_05_40_bci_t.csv,5.200218606
2015_09_25_05_45_bci_t.csv,5.635746502
2015_09_25_05_50_bci_t.csv,6.071274398
2015_09_25_05_55_bci_t.csv,6.506802294
2015_09_25_06_45_bci_t.csv,6.94233019
2015_09_25_06_35_bci_t.csv,8.169222303333333
2015_09_25_06_40_bci_t.csv,9.396114416666666
2015_09_25_06_45_bci_t.csv,10.62300653
2015_09_25_06_50_bci_t.csv,11.849898643333333
2015_09_25_06_55_bci_t.csv,13.076790756666666
2015_09_25_07_15_bci_t.csv,14.30368287
2015_09_25_06_35_bci_t.csv,13.640510006666666
2015_09_25_06_40_bci_t.csv,12.977337143333333
2015_09_25_06_45_bci_t.csv,12.31416428
2015_09_25_06_50_bci_t.csv,11.650991416666667
2015_09_25_06_55_bci_t.csv,10.987818553333334
2015_09_25_07_45_bci_t.csv,10.32464569
2015_09_25_07_35_bci_t.csv,11.082157283333334
2015_09_25_07_40_bci_t.csv,11.839668876666668
2015_09_25_07_45_bci_t.csv,12.597180470000001
2015_09_25_07_50_bci_t.csv,13.354692063333335
2015_09_25_07_55_bci_t.csv,14.112203656666669
2015_09_25_08_15_bci_t.csv,14.86971525
2015_09_25_07_35_bci_t.csv,14.91685677
2015_09_25_07_40_bci_t.csv,14.963998290000001
2015_09_25_07_45_bci_t.csv,15.011139810000001
2015_09_25_07_50_bci_t.csv,15.058281330000002
2015_09_25_07_55_bci_t.csv,15.105422850000002
2015_09_25_08_45_bci_t.csv,15.15256437
2015_09_25_08_35_bci_t.csv,16.618328105
2015_09_25_08_40_bci_t.csv,18.08409184
2015_09_25_08_45_bci_t.csv,19.549855575
2015_09_25_08_50_bci_t.csv,21.015619309999998
2015_09_25_08_55_bci_t.csv,22.481383044999998
2015_09_25_09_15_bci_t.csv,23.94714678
2015_09_25_08_35_bci_t.csv,22.911672151666668
2015_09_25_08_40_bci_t.csv,21.876197523333335
2015_09_25_08_45_bci_t.csv,20.840722895000003
2015_09_25_08_50_bci_t.csv,19.80524826666667
2015_09_25_08_55_bci_t.csv,18.769773638333337
2015_09_25_09_45_bci_t.csv,17.73429901
2015_09_25_09_35_bci_t.csv,16.12698039216667
2015_09_25_09_40_bci_t.csv,14.519661774333334
2015_09_25_09_45_bci_t.csv,12.9123431565
2015_09_25_09_50_bci_t.csv,11.305024538666666
2015_09_25_09_55_bci_t.csv,9.697705920833332
2015_09_25_10_15_bci_t.csv,8.090387303
2015_09_25_09_35_bci_t.csv,10.187464764166666
2015_09_25_09_40_bci_t.csv,12.284542225333333
2015_09_25_09_45_bci_t.csv,14.381619686499999
2015_09_25_09_50_bci_t.csv,16.478697147666665
2015_09_25_09_55_bci_t.csv,18.57577460883333
2015_09_25_10_45_bci_t.csv,20.67285207
2015_09_25_10_35_bci_t.csv,20.718143688333335
2015_09_25_10_40_bci_t.csv,20.76343530666667
2015_09_25_10_45_bci_t.csv,20.808726925000002
2015_09_25_10_50_bci_t.csv,20.854018543333336
2015_09_25_10_55_bci_t.csv,20.89931016166667
2015_09_25_11_15_bci_t.csv,20.94460178
2015_09_25_10_35_bci_t.csv,20.356379195
2015_09_25_10_40_bci_t.csv,19.76815661
2015_09_25_10_45_bci_t.csv,19.179934024999998
2015_09_25_10_50_bci_t.csv,18.591711439999997
2015_09_25_10_55_bci_t.csv,18.003488854999997
2015_09_25_11_45_bci_t.csv,17.41526627
2015_09_25_11_35_bci_t.csv,17.447954693333333
2015_09_25_11_40_bci_t.csv,17.480643116666666
2015_09_25_11_45_bci_t.csv,17.51333154
2015_09_25_11_50_bci_t.csv,17.546019963333332
2015_09_25_11_55_bci_t.csv,17.578708386666666
2015_09_25_12_15_bci_t.csv,17.61139681
2015_09_25_11_35_bci_t.csv,18.79583173
2015_09_25_11_40_bci_t.csv,19.98026665
2015_09_25_11_45_bci_t.csv,21.164701570000002
2015_09_25_11_50_bci_t.csv,22.349136490000003
2015_09_25_11_55_bci_t.csv,23.533571410000004
2015_09_25_12_45_bci_t.csv,24.71800633
2015_09_25_12_35_bci_t.csv,24.940258905
2015_09_25_12_40_bci_t.csv,25.16251148
2015_09_25_12_45_bci_t.csv,25.384764054999998
2015_09_25_12_50_bci_t.csv,25.607016629999997
2015_09_25_12_55_bci_t.csv,25.829269204999996
2015_09_25_13_15_bci_t.csv,26.05152178
2015_09_25_12_35_bci_t.csv,25.68936264166667
2015_09_25_12_40_bci_t.csv,25.327203503333337
2015_09_25_12_45_bci_t.csv,24.965044365000004
2015_09_25_12_50_bci_t.csv,24.60288522666667
2015_09_25_12_55_bci_t.csv,24.24072608833334
2015_09_25_13_45_bci_t.csv,23.87856695
2015_09_25_13_35_bci_t.csv,23.036750435
2015_09_25_13_40_bci_t.csv,22.194933919999997
2015_09_25_13_45_bci_t.csv,21.353117404999995
2015_09_25_13_50_bci_t.csv,20.511300889999994
2015_09_25_13_55_bci_t.csv,19.669484374999993
2015_09_25_14_15_bci_t.csv,18.82766786
2015_09_25_13_35_bci_t.csv,18.335965565
2015_09_25_13_40_bci_t.csv,17.84426327
2015_09_25_13_45_bci_t.csv,17.352560975
2015_09_25_13_50_bci_t.csv,16.86085868
2015_09_25_13_55_bci_t.csv,16.369156385
2015_09_25_14_45_bci_t.csv,15.87745409
2015_09_25_14_35_bci_t.csv,16.005048061666667
2015_09_25_14_40_bci_t.csv,16.132642033333333
2015_09_25_14_45_bci_t.csv,16.260236005
2015_09_25_14_50_bci_t.csv,16.387829976666666
2015_09_25_14_55_bci_t.csv,16.515423948333332
2015_09_25_15_15_bci_t.csv,16.64301792
2015_09_25_14_35_bci_t.csv,16.77630953
2015_09_25_14_40_bci_t.csv,16.90960114
2015_09_25_14_45_bci_t.csv,17.04289275
2015_09_25_14_50_bci_t.csv,17.17618436
2015_09_25_14_55_bci_t.csv,17.30947597
2015_09_25_15_45_bci_t.csv,17.44276758
2015_09_25_15_35_bci_t.csv,17.417871371666667
2015_09_25_15_40_bci_t.csv,17.392975163333332
2015_09_25_15_45_bci_t.csv,17.368078954999998
2015_09_25_15_50_bci_t.csv,17.343182746666663
2015_09_25_15_55_bci_t.csv,17.31828653833333
2015_09_25_16_15_bci_t.csv,17.29339033
2015_09_25_15_35_bci_t.csv,15.998719129666668
2015_09_25_15_40_bci_t.csv,14.704047929333335
2015_09_25_15_45_bci_t.csv,13.409376729000002
2015_09_25_15_50_bci_t.csv,12.114705528666668
2015_09_25_15_55_bci_t.csv,10.820034328333335
2015_09_25_16_45_bci_t.csv,9.525363128
2015_09_25_16_35_bci_t.csv,8.855095730666667
2015_09_25_16_40_bci_t.csv,8.184828333333334
2015_09_25_16_45_bci_t.csv,7.5145609360000005
2015_09_25_16_50_bci_t.csv,6.844293538666667
2015_09_25_16_55_bci_t.csv,6.174026141333334
2015_09_25_17_15_bci_t.csv,5.503758744
2015_09_25_16_35_bci_t.csv,4.734593024833333
2015_09_25_16_40_bci_t.csv,3.9654273056666662
2015_09_25_16_45_bci_t.csv,3.1962615864999995
2015_09_25_16_50_bci_t.csv,2.4270958673333327
2015_09_25_16_55_bci_t.csv,1.657930148166666
2015_09_25_17_45_bci_t.csv,0.8887644290000001
2015_09_25_17_35_bci_t.csv,0.7406370241666668
2015_09_25_17_40_bci_t.csv,0.5925096193333335
2015_09_25_17_45_bci_t.csv,0.44438221450000015
2015_09_25_17_50_bci_t.csv,0.29625480966666684
2015_09_25_17_55_bci_t.csv,0.1481274048333335
2015_09_25_18_15_bci_t.csv,0.0
2015_09_25_17_35_bci_t.csv,0.0
2015_09_25_17_40_bci_t.csv,0.0
2015_09_25_17_45_bci_t.csv,0.0
2015_09_25_17_50_bci_t.csv,0.0
2015_09_25_17_55_bci_t.csv,0.0
2015_09_25_18_45_bci_t.csv,0.0
2015_09_25_18_35_bci_t.csv,0.0
2015_09_25_18_40_bci_t.csv,0.0
2015_09_25_18_45_bci_t.csv,0.0
2015_09_25_18_50_bci_t.csv,0.0
2015_09_25_18_55_bci_t.csv,0.0
2015_09_25_19_15_bci_t.csv,0.0
2015_09_25_18_35_bci_t.csv,0.0
2015_09_25_18_40_bci_t.csv,0.0
2015_09_25_18_45_bci_t.csv,0.0
2015_09_25_18_50_bci_t.csv,0.0
2015_09_25_18_55_bci_t.csv,0.0
2015_09_25_19_45_bci_t.csv,0.0
2015_09_25_19_35_bci_t.csv,0.0
2015_09_25_19_40_bci_t.csv,0.0
2015_09_25_19_45_bci_t.csv,0.0
2015_09_25_19_50_bci_t.csv,0.0
2015_09_25_19_55_bci_t.csv,0.0
2015_09_25_20_15_bci_t.csv,0.0
2015_09_25_19_35_bci_t.csv,0.0
2015_09_25_19_40_bci_t.csv,0.0
2015_09_25_19_45_bci_t.csv,0.0
2015_09_25_19_50_bci_t.csv,0.0
2015_09_25_19_55_bci_t.csv,0.0
2015_09_25_20_45_bci_t.csv,0.0
2015_09_25_20_35_bci_t.csv,0.0
2015_09_25_20_40_bci_t.csv,0.0
2015_09_25_20_45_bci_t.csv,0.0
2015_09_25_20_50_bci_t.csv,0.0
2015_09_25_20_55_bci_t.csv,0.0
2015_09_25_21_15_bci_t.csv,0.0
2015_09_25_20_35_bci_t.csv,0.0
2015_09_25_20_40_bci_t.csv,0.0
2015_09_25_20_45_bci_t.csv,0.0
2015_09_25_20_50_bci_t.csv,0.0
2015_09_25_20_55_bci_t.csv,0.0
2015_09_25_21_45_bci_t.csv,0.0
2015_09_25_21_35_bci_t.csv,0.0
2015_09_25_21_40_bci_t.csv,0.0
2015_09_25_21_45_bci_t.csv,0.0
2015_09_25_21_50_bci_t.csv,0.0
2015_09_25_21_55_bci_t.csv,0.0
2015_09_25_22_15_bci_t.csv,0.0
2015_09_25_21_35_bci_t.csv,0.0
2015_09_25_21_40_bci_t.csv,0.0
2015_09_25_21_45_bci_t.csv,0.0
2015_09_25_21_50_bci_t.csv,0.0
2015_09_25_21_55_bci_t.csv,0.0
2015_09_25_22_45_bci_t.csv,0.0
2015_09_25_22_35_bci_t.csv,0.0
2015_09_25_22_40_bci_t.csv,0.0
2015_09_25_22_45_bci_t.csv,0.0
2015_09_25_22_50_bci_t.csv,0.0
2015_09_25_22_55_bci_t.csv,0.0
2015_09_25_23_15_bci_t.csv,0.0
2015_09_25_22_35_bci_t.csv,0.0
2015_09_25_22_40_bci_t.csv,0.0
2015_09_25_22_45_bci_t.csv,0.0
2015_09_25_22_50_bci_t.csv,0.0
2015_09_25_22_55_bci_t.csv,0.0
2015_09_25_23_45_bci_t.csv,0.0
2015_09_25_23_35_bci_t.csv,0.0
2015_09_25_23_40_bci_t.csv,0.0
2015_09_25_23_45_bci_t.csv,0.0
2015_09_25_23_50_bci_t.csv,0.0
2015_09_25_23_55_bci_t.csv,0.0
2015_09_26_00_15_bci_t.csv,0.0
2015_09_25_23_35_bci_t.csv,0.0
2015_09_25_23_40_bci_t.csv,0.0
2015_09_25_23_45_bci_t.csv,0.0
2015_09_25_23_50_bci_t.csv,0.0
2015_09_25_23_55_bci_t.csv,0.0
2015_09_26_00_45_bci_t.csv,0.0
2015_09_26_00_35_bci_t.csv,0.0
2015_09_26_00_40_bci_t.csv,0.0
2015_09_26_00_45_bci_t.csv,0.0
2015_09_26_00_50_bci_t.csv,0.0
2015_09_26_00_55_bci_t.csv,0.0
2015_09_26_01_15_bci_t.csv,0.0
2015_09_26_00_35_bci_t.csv,0.0
2015_09_26_00_40_bci_t.csv,0.0
2015_09_26_00_45_bci_t.csv,0.0
2015_09_26_00_50_bci_t.csv,0.0
2015_09_26_00_55_bci_t.csv,0.0
2015_09_26_01_45_bci_t.csv,0.0
2015_09_26_01_35_bci_t.csv,0.0
2015_09_26_01_40_bci_t.csv,0.0
2015_09_26_01_45_bci_t.csv,0.0
2015_09_26_01_50_bci_t.csv,0.0
2015_09_26_01_55_bci_t.csv,0.0
2015_09_26_02_15_bci_t.csv,0.0
2015_09_26_01_35_bci_t.csv,0.0
2015_09_26_01_40_bci_t.csv,0.0
2015_09_26_01_45_bci_t.csv,0.0
2015_09_26_01_50_bci_t.csv,0.0
2015_09_26_01_55_bci_t.csv,0.0
2015_09_26_02_45_bci_t.csv,0.0
2015_09_26_02_35_bci_t.csv,0.0
2015_09_26_02_40_bci_t.csv,0.0
2015_09_26_02_45_bci_t.csv,0.0
2015_09_26_02_50_bci_t.csv,0.0
2015_09_26_02_55_bci_t.csv,0.0
2015_09_26_03_15_bci_t.csv,0.0
2015_09_26_02_35_bci_t.csv,0.0
2015_09_26_02_40_bci_t.csv,0.0
2015_09_26_02_45_bci_t.csv,0.0
2015_09_26_02_50_bci_t.csv,0.0
2015_09_26_02_55_bci_t.csv,0.0
2015_09_26_03_45_bci_t.csv,0.0
2015_09_26_03_35_bci_t.csv,0.0
2015_09_26_03_40_bci_t.csv,0.0
2015_09_26_03_45_bci_t.csv,0.0
2015_09_26_03_50_bci_t.csv,0.0
2015_09_26_03_55_bci_t.csv,0.0
2015_09_26_04_15_bci_t.csv,0.0
2015_09_26_03_35_bci_t.csv,0.0
2015_09_26_03_40_bci_t.csv,0.0
2015_09_26_03_45_bci_t.csv,0.0
2015_09_26_03_50_bci_t.csv,0.0
2015_09_26_03_55_bci_t.csv,0.0
2015_09_26_04_45_bci_t.csv,0.0
2015_09_26_04_35_bci_t.csv,0.0
2015_09_26_04_40_bci_t.csv,0.0
2015_09_26_04_45_bci_t.csv,0.0
2015_09_26_04_50_bci_t.csv,0.0
2015_09_26_04_55_bci_t.csv,0.0
2015_09_26_05_15_bci_t.csv,0.0
2015_09_26_04_35_bci_t.csv,0.0
2015_09_26_04_40_bci_t.csv,0.0
2015_09_26_04_45_bci_t.csv,0.0
2015_09_26_04_50_bci_t.csv,0.0
2015_09_26_04_55_bci_t.csv,0.0
2015_09_26_05_45_bci_t.csv,0.0
2015_09_26_05_35_bci_t.csv,0.04254444066666666
2015_09_26_05_40_bci_t.csv,0.08508888133333332
2015_09_26_05_45_bci_t.csv,0.127633322
2015_09_26_05_50_bci_t.csv,0.17017776266666665
2015_09_26_05_55_bci_t.csv,0.2127222033333333
2015_09_26_06_15_bci_t.csv,0.255266644
2015_09_26_05_35_bci_t.csv,1.1341397478333335
2015_09_26_05_40_bci_t.csv,2.0130128516666668
2015_09_26_05_45_bci_t.csv,2.8918859555000003
2015_09_26_05_50_bci_t.csv,3.7707590593333338
2015_09_26_05_55_bci_t.csv,4.649632163166667
2015_09_26_06_45_bci_t.csv,5.528505267000001
2015_09_26_06_35_bci_t.csv,5.237631110500001
2015_09_26_06_40_bci_t.csv,4.9467569540000005
2015_09_26_06_45_bci_t.csv,4.6558827975
2015_09_26_06_50_bci_t.csv,4.365008641
2015_09_26_06_55_bci_t.csv,4.0741344845
2015_09_26_07_15_bci_t.csv,3.7832603280000003
2015_09_26_06_35_bci_t.csv,4.7094061975
2015_09_26_06_40_bci_t.csv,5.635552067
2015_09_26_06_45_bci_t.csv,6.5616979365
2015_09_26_06_50_bci_t.csv,7.487843806
2015_09_26_06_55_bci_t.csv,8.4139896755
2015_09_26_07_45_bci_t.csv,9.340135545
2015_09_26_07_35_bci_t.csv,9.354678709333335
2015_09_26_07_40_bci_t.csv,9.369221873666667
2015_09_26_07_45_bci_t.csv,9.383765038
2015_09_26_07_50_bci_t.csv,9.398308202333332
2015_09_26_07_55_bci_t.csv,9.412851366666665
2015_09_26_08_15_bci_t.csv,9.427394531000001
2015_09_26_07_35_bci_t.csv,11.282900039166668
2015_09_26_07_40_bci_t.csv,13.138405547333335
2015_09_26_07_45_bci_t.csv,14.993911055500002
2015_09_26_07_50_bci_t.csv,16.84941656366667
2015_09_26_07_55_bci_t.csv,18.704922071833334
2015_09_26_08_45_bci_t.csv,20.56042758
2015_09_26_08_35_bci_t.csv,19.778568758333332
2015_09_26_08_40_bci_t.csv,18.996709936666665
2015_09_26_08_45_bci_t.csv,18.214851115
2015_09_26_08_50_bci_t.csv,17.43299229333333
2015_09_26_08_55_bci_t.csv,16.651133471666665
2015_09_26_09_15_bci_t.csv,15.86927465
2015_09_26_08_35_bci_t.csv,18.799136085
2015_09_26_08_40_bci_t.csv,21.72899752
2015_09_26_08_45_bci_t.csv,24.658858955
2015_09_26_08_50_bci_t.csv,27.58872039
2015_09_26_08_55_bci_t.csv,30.518581825
2015_09_26_09_45_bci_t.csv,33.44844326
2015_09_26_09_35_bci_t.csv,31.311563879999998
2015_09_26_09_40_bci_t.csv,29.174684499999998
2015_09_26_09_45_bci_t.csv,27.037805119999998
2015_09_26_09_50_bci_t.csv,24.900925739999998
2015_09_26_09_55_bci_t.csv,22.76404636
2015_09_26_10_15_bci_t.csv,20.62716698
2015_09_26_09_35_bci_t.csv,21.69828945833333
2015_09_26_09_40_bci_t.csv,22.769411936666664
2015_09_26_09_45_bci_t.csv,23.840534414999997
2015_09_26_09_50_bci_t.csv,24.91165689333333
2015_09_26_09_55_bci_t.csv,25.982779371666663
2015_09_26_10_45_bci_t.csv,27.05390185
2015_09_26_10_35_bci_t.csv,27.290692071666665
2015_09_26_10_40_bci_t.csv,27.527482293333332
2015_09_26_10_45_bci_t.csv,27.764272515
2015_09_26_10_50_bci_t.csv,28.001062736666665
2015_09_26_10_55_bci_t.csv,28.23785295833333
2015_09_26_11_15_bci_t.csv,28.47464318
2015_09_26_10_35_bci_t.csv,28.6170456
2015_09_26_10_40_bci_t.csv,28.75944802
2015_09_26_10_45_bci_t.csv,28.90185044
2015_09_26_10_50_bci_t.csv,29.04425286
2015_09_26_10_55_bci_t.csv,29.18665528
2015_09_26_11_45_bci_t.csv,29.3290577
2015_09_26_11_35_bci_t.csv,28.226892616666667
2015_09_26_11_40_bci_t.csv,27.124727533333335
2015_09_26_11_45_bci_t.csv,26.022562450000002
2015_09_26_11_50_bci_t.csv,24.92039736666667
2015_09_26_11_55_bci_t.csv,23.818232283333337
2015_09_26_12_15_bci_t.csv,22.716067199999998
2015_09_26_11_35_bci_t.csv,22.834415421666666
2015_09_26_11_40_bci_t.csv,22.952763643333334
2015_09_26_11_45_bci_t.csv,23.071111865000002
2015_09_26_11_50_bci_t.csv,23.18946008666667
2015_09_26_11_55_bci_t.csv,23.30780830833334
2015_09_26_12_45_bci_t.csv,23.42615653
2015_09_26_12_35_bci_t.csv,23.954457576666666
2015_09_26_12_40_bci_t.csv,24.482758623333332
2015_09_26_12_45_bci_t.csv,25.011059669999998
2015_09_26_12_50_bci_t.csv,25.539360716666664
2015_09_26_12_55_bci_t.csv,26.06766176333333
2015_09_26_13_15_bci_t.csv,26.59596281
2015_09_26_12_35_bci_t.csv,26.524966453333334
2015_09_26_12_40_bci_t.csv,26.45397009666667
2015_09_26_12_45_bci_t.csv,26.382973740000004
2015_09_26_12_50_bci_t.csv,26.31197738333334
2015_09_26_12_55_bci_t.csv,26.240981026666674
2015_09_26_13_45_bci_t.csv,26.16998467
2015_09_26_13_35_bci_t.csv,26.782667395
2015_09_26_13_40_bci_t.csv,27.39535012
2015_09_26_13_45_bci_t.csv,28.008032845
2015_09_26_13_50_bci_t.csv,28.620715569999998
2015_09_26_13_55_bci_t.csv,29.233398294999997
2015_09_26_14_15_bci_t.csv,29.84608102
2015_09_26_13_35_bci_t.csv,27.632433476666666
2015_09_26_13_40_bci_t.csv,25.418785933333332
2015_09_26_13_45_bci_t.csv,23.20513839
2015_09_26_13_50_bci_t.csv,20.991490846666665
2015_09_26_13_55_bci_t.csv,18.77784330333333
2015_09_26_14_45_bci_t.csv,16.56419576
2015_09_26_14_35_bci_t.csv,18.397516445
2015_09_26_14_40_bci_t.csv,20.23083713
2015_09_26_14_45_bci_t.csv,22.064157815
2015_09_26_14_50_bci_t.csv,23.897478500000002
2015_09_26_14_55_bci_t.csv,25.730799185000002
2015_09_26_15_15_bci_t.csv,27.56411987
2015_09_26_14_35_bci_t.csv,23.34670162433333
2015_09_26_14_40_bci_t.csv,19.129283378666663
2015_09_26_14_45_bci_t.csv,14.911865132999996
2015_09_26_14_50_bci_t.csv,10.694446887333328
2015_09_26_14_55_bci_t.csv,6.477028641666661
2015_09_26_15_45_bci_t.csv,2.259610396
2015_09_26_15_35_bci_t.csv,2.0259722191666665
2015_09_26_15_40_bci_t.csv,1.7923340423333332
2015_09_26_15_45_bci_t.csv,1.5586958654999998
2015_09_26_15_50_bci_t.csv,1.3250576886666665
2015_09_26_15_55_bci_t.csv,1.0914195118333332
2015_09_26_16_15_bci_t.csv,0.857781335
2015_09_26_15_35_bci_t.csv,1.150380326
2015_09_26_15_40_bci_t.csv,1.442979317
2015_09_26_15_45_bci_t.csv,1.735578308
2015_09_26_15_50_bci_t.csv,2.028177299
2015_09_26_15_55_bci_t.csv,2.3207762900000004
2015_09_26_16_45_bci_t.csv,2.613375281
2015_09_26_16_35_bci_t.csv,3.511362426333333
2015_09_26_16_40_bci_t.csv,4.409349571666667
2015_09_26_16_45_bci_t.csv,5.307336717
2015_09_26_16_50_bci_t.csv,6.2053238623333336
2015_09_26_16_55_bci_t.csv,7.103311007666667
2015_09_26_17_15_bci_t.csv,8.001298152999999
2015_09_26_16_35_bci_t.csv,6.667748460833332
2015_09_26_16_40_bci_t.csv,5.334198768666665
2015_09_26_16_45_bci_t.csv,4.0006490764999985
2015_09_26_16_50_bci_t.csv,2.6670993843333317
2015_09_26_16_55_bci_t.csv,1.3335496921666652
2015_09_26_17_45_bci_t.csv,0.0
2015_09_26_17_35_bci_t.csv,0.0
2015_09_26_17_40_bci_t.csv,0.0
2015_09_26_17_45_bci_t.csv,0.0
2015_09_26_17_50_bci_t.csv,0.0
2015_09_26_17_55_bci_t.csv,0.0
2015_09_26_18_15_bci_t.csv,0.0
2015_09_26_17_35_bci_t.csv,0.0
2015_09_26_17_40_bci_t.csv,0.0
2015_09_26_17_45_bci_t.csv,0.0
2015_09_26_17_50_bci_t.csv,0.0
2015_09_26_17_55_bci_t.csv,0.0
2015_09_26_18_45_bci_t.csv,0.0
2015_09_26_18_35_bci_t.csv,0.0
2015_09_26_18_40_bci_t.csv,0.0
2015_09_26_18_45_bci_t.csv,0.0
2015_09_26_18_50_bci_t.csv,0.0
2015_09_26_18_55_bci_t.csv,0.0
2015_09_26_19_15_bci_t.csv,0.0
2015_09_26_18_35_bci_t.csv,0.0
2015_09_26_18_40_bci_t.csv,0.0
2015_09_26_18_45_bci_t.csv,0.0
2015_09_26_18_50_bci_t.csv,0.0
2015_09_26_18_55_bci_t.csv,0.0
2015_09_26_19_45_bci_t.csv,0.0
2015_09_26_19_35_bci_t.csv,0.0
2015_09_26_19_40_bci_t.csv,0.0
2015_09_26_19_45_bci_t.csv,0.0
2015_09_26_19_50_bci_t.csv,0.0
2015_09_26_19_55_bci_t.csv,0.0
2015_09_26_20_15_bci_t.csv,0.0
2015_09_26_19_35_bci_t.csv,0.0
2015_09_26_19_40_bci_t.csv,0.0
2015_09_26_19_45_bci_t.csv,0.0
2015_09_26_19_50_bci_t.csv,0.0
2015_09_26_19_55_bci_t.csv,0.0
2015_09_26_20_45_bci_t.csv,0.0
2015_09_26_20_35_bci_t.csv,0.0
2015_09_26_20_40_bci_t.csv,0.0
2015_09_26_20_45_bci_t.csv,0.0
2015_09_26_20_50_bci_t.csv,0.0
2015_09_26_20_55_bci_t.csv,0.0
2015_09_26_21_15_bci_t.csv,0.0
2015_09_26_20_35_bci_t.csv,0.0
2015_09_26_20_40_bci_t.csv,0.0
2015_09_26_20_45_bci_t.csv,0.0
2015_09_26_20_50_bci_t.csv,0.0
2015_09_26_20_55_bci_t.csv,0.0
2015_09_26_21_45_bci_t.csv,0.0
2015_09_26_21_35_bci_t.csv,0.0
2015_09_26_21_40_bci_t.csv,0.0
2015_09_26_21_45_bci_t.csv,0.0
2015_09_26_21_50_bci_t.csv,0.0
2015_09_26_21_55_bci_t.csv,0.0
2015_09_26_22_15_bci_t.csv,0.0
2015_09_26_21_35_bci_t.csv,0.0
2015_09_26_21_40_bci_t.csv,0.0
2015_09_26_21_45_bci_t.csv,0.0
2015_09_26_21_50_bci_t.csv,0.0
2015_09_26_21_55_bci_t.csv,0.0
2015_09_26_22_45_bci_t.csv,0.0
2015_09_26_22_35_bci_t.csv,0.0
2015_09_26_22_40_bci_t.csv,0.0
2015_09_26_22_45_bci_t.csv,0.0
2015_09_26_22_50_bci_t.csv,0.0
2015_09_26_22_55_bci_t.csv,0.0
2015_09_26_23_15_bci_t.csv,0.0
2015_09_26_22_35_bci_t.csv,0.0
2015_09_26_22_40_bci_t.csv,0.0
2015_09_26_22_45_bci_t.csv,0.0
2015_09_26_22_50_bci_t.csv,0.0
2015_09_26_22_55_bci_t.csv,0.0
2015_09_26_23_45_bci_t.csv,0.0
2015_09_26_23_35_bci_t.csv,0.0
2015_09_26_23_40_bci_t.csv,0.0
2015_09_26_23_45_bci_t.csv,0.0
2015_09_26_23_50_bci_t.csv,0.0
2015_09_26_23_55_bci_t.csv,0.0
2015_09_27_00_15_bci_t.csv,0.0
2015_09_26_23_35_bci_t.csv,0.0
2015_09_26_23_40_bci_t.csv,0.0
2015_09_26_23_45_bci_t.csv,0.0
2015_09_26_23_50_bci_t.csv,0.0
2015_09_26_23_55_bci_t.csv,0.0
2015_09_27_00_45_bci_t.csv,0.0
2015_09_27_00_35_bci_t.csv,0.0
2015_09_27_00_40_bci_t.csv,0.0
2015_09_27_00_45_bci_t.csv,0.0
2015_09_27_00_50_bci_t.csv,0.0
2015_09_27_00_55_bci_t.csv,0.0
2015_09_27_01_15_bci_t.csv,0.0
2015_09_27_00_35_bci_t.csv,0.0
2015_09_27_00_40_bci_t.csv,0.0
2015_09_27_00_45_bci_t.csv,0.0
2015_09_27_00_50_bci_t.csv,0.0
2015_09_27_00_55_bci_t.csv,0.0
2015_09_27_01_45_bci_t.csv,0.0
2015_09_27_01_35_bci_t.csv,0.0
2015_09_27_01_40_bci_t.csv,0.0
2015_09_27_01_45_bci_t.csv,0.0
2015_09_27_01_50_bci_t.csv,0.0
2015_09_27_01_55_bci_t.csv,0.0
2015_09_27_02_15_bci_t.csv,0.0
2015_09_27_01_35_bci_t.csv,0.0
2015_09_27_01_40_bci_t.csv,0.0
2015_09_27_01_45_bci_t.csv,0.0
2015_09_27_01_50_bci_t.csv,0.0
2015_09_27_01_55_bci_t.csv,0.0
2015_09_27_02_45_bci_t.csv,0.0
2015_09_27_02_35_bci_t.csv,0.0
2015_09_27_02_40_bci_t.csv,0.0
2015_09_27_02_45_bci_t.csv,0.0
2015_09_27_02_50_bci_t.csv,0.0
2015_09_27_02_55_bci_t.csv,0.0
2015_09_27_03_15_bci_t.csv,0.0
2015_09_27_02_35_bci_t.csv,0.0
2015_09_27_02_40_bci_t.csv,0.0
2015_09_27_02_45_bci_t.csv,0.0
2015_09_27_02_50_bci_t.csv,0.0
2015_09_27_02_55_bci_t.csv,0.0
2015_09_27_03_45_bci_t.csv,0.0
2015_09_27_03_35_bci_t.csv,0.0
2015_09_27_03_40_bci_t.csv,0.0
2015_09_27_03_45_bci_t.csv,0.0
2015_09_27_03_50_bci_t.csv,0.0
2015_09_27_03_55_bci_t.csv,0.0
2015_09_27_04_15_bci_t.csv,0.0
2015_09_27_03_35_bci_t.csv,0.0
2015_09_27_03_40_bci_t.csv,0.0
2015_09_27_03_45_bci_t.csv,0.0
2015_09_27_03_50_bci_t.csv,0.0
2015_09_27_03_55_bci_t.csv,0.0
2015_09_27_04_45_bci_t.csv,0.0
2015_09_27_04_35_bci_t.csv,0.0
2015_09_27_04_40_bci_t.csv,0.0
2015_09_27_04_45_bci_t.csv,0.0
2015_09_27_04_50_bci_t.csv,0.0
2015_09_27_04_55_bci_t.csv,0.0
2015_09_27_05_15_bci_t.csv,0.0
2015_09_27_04_35_bci_t.csv,0.0
2015_09_27_04_40_bci_t.csv,0.0
2015_09_27_04_45_bci_t.csv,0.0
2015_09_27_04_50_bci_t.csv,0.0
2015_09_27_04_55_bci_t.csv,0.0
2015_09_27_05_45_bci_t.csv,0.0
2015_09_27_05_35_bci_t.csv,0.0
2015_09_27_05_40_bci_t.csv,0.0
2015_09_27_05_45_bci_t.csv,0.0
2015_09_27_05_50_bci_t.csv,0.0
2015_09_27_05_55_bci_t.csv,0.0
2015_09_27_06_15_bci_t.csv,0.0
2015_09_27_05_35_bci_t.csv,0.14382140533333335
2015_09_27_05_40_bci_t.csv,0.2876428106666667
2015_09_27_05_45_bci_t.csv,0.43146421600000007
2015_09_27_05_50_bci_t.csv,0.5752856213333334
2015_09_27_05_55_bci_t.csv,0.7191070266666667
2015_09_27_06_45_bci_t.csv,0.862928432
2015_09_27_06_35_bci_t.csv,1.6969304575
2015_09_27_06_40_bci_t.csv,2.530932483
2015_09_27_06_45_bci_t.csv,3.3649345084999998
2015_09_27_06_50_bci_t.csv,4.1989365339999996
2015_09_27_06_55_bci_t.csv,5.0329385595
2015_09_27_07_15_bci_t.csv,5.866940585
2015_09_27_06_35_bci_t.csv,5.579029269666667
2015_09_27_06_40_bci_t.csv,5.291117954333334
2015_09_27_06_45_bci_t.csv,5.003206639000001
2015_09_27_06_50_bci_t.csv,4.715295323666668
2015_09_27_06_55_bci_t.csv,4.427384008333335
2015_09_27_07_45_bci_t.csv,4.139472693
2015_09_27_07_35_bci_t.csv,6.329050044166667
2015_09_27_07_40_bci_t.csv,8.518627395333334
2015_09_27_07_45_bci_t.csv,10.708204746500002
2015_09_27_07_50_bci_t.csv,12.897782097666669
2015_09_27_07_55_bci_t.csv,15.087359448833336
2015_09_27_08_15_bci_t.csv,17.2769368
2015_09_27_07_35_bci_t.csv,15.538893721500001
2015_09_27_07_40_bci_t.csv,13.800850643
2015_09_27_07_45_bci_t.csv,12.0628075645
2015_09_27_07_50_bci_t.csv,10.324764486
2015_09_27_07_55_bci_t.csv,8.586721407499999
2015_09_27_08_45_bci_t.csv,6.848678329
2015_09_27_08_35_bci_t.csv,8.178104209166667
2015_09_27_08_40_bci_t.csv,9.507530089333335
2015_09_27_08_45_bci_t.csv,10.836955969500002
2015_09_27_08_50_bci_t.csv,12.166381849666669
2015_09_27_08_55_bci_t.csv,13.495807729833336
2015_09_27_09_15_bci_t.csv,14.82523361
2015_09_27_08_35_bci_t.csv,14.008945856833334
2015_09_27_08_40_bci_t.csv,13.192658103666668
2015_09_27_08_45_bci_t.csv,12.376370350500002
2015_09_27_08_50_bci_t.csv,11.560082597333336
2015_09_27_08_55_bci_t.csv,10.74379484416667
2015_09_27_09_45_bci_t.csv,9.927507091
2015_09_27_09_35_bci_t.csv,10.801370435833334
2015_09_27_09_40_bci_t.csv,11.675233780666668
2015_09_27_09_45_bci_t.csv,12.549097125500001
2015_09_27_09_50_bci_t.csv,13.422960470333335
2015_09_27_09_55_bci_t.csv,14.296823815166668
2015_09_27_10_15_bci_t.csv,15.17068716
2015_09_27_09_35_bci_t.csv,16.28091637
2015_09_27_09_40_bci_t.csv,17.39114558
2015_09_27_09_45_bci_t.csv,18.50137479
2015_09_27_09_50_bci_t.csv,19.611604
2015_09_27_09_55_bci_t.csv,20.72183321
2015_09_27_10_45_bci_t.csv,21.83206242
2015_09_27_10_35_bci_t.csv,24.274744063333333
2015_09_27_10_40_bci_t.csv,26.717425706666667
2015_09_27_10_45_bci_t.csv,29.16010735
2015_09_27_10_50_bci_t.csv,31.602788993333334
2015_09_27_10_55_bci_t.csv,34.045470636666664
2015_09_27_11_15_bci_t.csv,36.48815228
2015_09_27_10_35_bci_t.csv,34.371058065
2015_09_27_10_40_bci_t.csv,32.25396385
2015_09_27_10_45_bci_t.csv,30.136869634999996
2015_09_27_10_50_bci_t.csv,28.019775419999995
2015_09_27_10_55_bci_t.csv,25.902681204999993
2015_09_27_11_45_bci_t.csv,23.78558699
2015_09_27_11_35_bci_t.csv,24.067199301666665
2015_09_27_11_40_bci_t.csv,24.348811613333332
2015_09_27_11_45_bci_t.csv,24.630423925
2015_09_27_11_50_bci_t.csv,24.912036236666665
2015_09_27_11_55_bci_t.csv,25.193648548333332
2015_09_27_12_15_bci_t.csv,25.47526086
2015_09_27_11_35_bci_t.csv,25.39185047333333
2015_09_27_11_40_bci_t.csv,25.308440086666664
2015_09_27_11_45_bci_t.csv,25.225029699999997
2015_09_27_11_50_bci_t.csv,25.14161931333333
2015_09_27_11_55_bci_t.csv,25.058208926666662
2015_09_27_12_45_bci_t.csv,24.97479854
2015_09_27_12_35_bci_t.csv,24.321052308333332
2015_09_27_12_40_bci_t.csv,23.667306076666666
2015_09_27_12_45_bci_t.csv,23.013559845
2015_09_27_12_50_bci_t.csv,22.359813613333333
2015_09_27_12_55_bci_t.csv,21.706067381666667
2015_09_27_13_15_bci_t.csv,21.05232115
2015_09_27_12_35_bci_t.csv,18.777875312333336
2015_09_27_12_40_bci_t.csv,16.503429474666667
2015_09_27_12_45_bci_t.csv,14.228983637
2015_09_27_12_50_bci_t.csv,11.954537799333334
2015_09_27_12_55_bci_t.csv,9.680091961666667
2015_09_27_13_45_bci_t.csv,7.4056461239999996
2015_09_27_13_35_bci_t.csv,6.1713717699999995
2015_09_27_13_40_bci_t.csv,4.937097415999999
2015_09_27_13_45_bci_t.csv,3.7028230619999993
2015_09_27_13_50_bci_t.csv,2.4685487079999993
2015_09_27_13_55_bci_t.csv,1.2342743539999994
2015_09_27_14_15_bci_t.csv,0.0
2015_09_27_13_35_bci_t.csv,4.38444343
2015_09_27_13_40_bci_t.csv,8.76888686
2015_09_27_13_45_bci_t.csv,13.15333029
2015_09_27_13_50_bci_t.csv,17.53777372
2015_09_27_13_55_bci_t.csv,21.92221715
2015_09_27_14_45_bci_t.csv,26.30666058
2015_09_27_14_35_bci_t.csv,24.920715736666665
2015_09_27_14_40_bci_t.csv,23.53477089333333
2015_09_27_14_45_bci_t.csv,22.148826049999997
2015_09_27_14_50_bci_t.csv,20.762881206666663
2015_09_27_14_55_bci_t.csv,19.37693636333333
2015_09_27_15_15_bci_t.csv,17.99099152
2015_09_27_14_35_bci_t.csv,15.809287117333334
2015_09_27_14_40_bci_t.csv,13.627582714666666
2015_09_27_14_45_bci_t.csv,11.445878311999998
2015_09_27_14_50_bci_t.csv,9.26417390933333
2015_09_27_14_55_bci_t.csv,7.082469506666663
2015_09_27_15_45_bci_t.csv,4.9007651039999995
2015_09_27_15_35_bci_t.csv,4.781204292166667
2015_09_27_15_40_bci_t.csv,4.661643480333334
2015_09_27_15_45_bci_t.csv,4.542082668500001
2015_09_27_15_50_bci_t.csv,4.422521856666668
2015_09_27_15_55_bci_t.csv,4.302961044833335
2015_09_27_16_15_bci_t.csv,4.183400233
2015_09_27_15_35_bci_t.csv,3.953759133
2015_09_27_15_40_bci_t.csv,3.724118033
2015_09_27_15_45_bci_t.csv,3.4944769329999996
2015_09_27_15_50_bci_t.csv,3.2648358329999994
2015_09_27_15_55_bci_t.csv,3.035194732999999
2015_09_27_16_45_bci_t.csv,2.805553633
2015_09_27_16_35_bci_t.csv,2.8456536165
2015_09_27_16_40_bci_t.csv,2.8857535999999997
2015_09_27_16_45_bci_t.csv,2.9258535834999995
2015_09_27_16_50_bci_t.csv,2.9659535669999992
2015_09_27_16_55_bci_t.csv,3.006053550499999
2015_09_27_17_15_bci_t.csv,3.0461535339999997
2015_09_27_16_35_bci_t.csv,2.538461278333333
2015_09_27_16_40_bci_t.csv,2.0307690226666666
2015_09_27_16_45_bci_t.csv,1.523076767
2015_09_27_16_50_bci_t.csv,1.0153845113333335
2015_09_27_16_55_bci_t.csv,0.5076922556666669
2015_09_27_17_45_bci_t.csv,0.0
2015_09_27_17_35_bci_t.csv,0.0
2015_09_27_17_40_bci_t.csv,0.0
2015_09_27_17_45_bci_t.csv,0.0
2015_09_27_17_50_bci_t.csv,0.0
2015_09_27_17_55_bci_t.csv,0.0
2015_09_27_18_15_bci_t.csv,0.0
2015_09_27_17_35_bci_t.csv,0.0
2015_09_27_17_40_bci_t.csv,0.0
2015_09_27_17_45_bci_t.csv,0.0
2015_09_27_17_50_bci_t.csv,0.0
2015_09_27_17_55_bci_t.csv,0.0
2015_09_27_18_45_bci_t.csv,0.0
2015_09_27_18_35_bci_t.csv,0.0
2015_09_27_18_40_bci_t.csv,0.0
2015_09_27_18_45_bci_t.csv,0.0
2015_09_27_18_50_bci_t.csv,0.0
2015_09_27_18_55_bci_t.csv,0.0
2015_09_27_19_15_bci_t.csv,0.0
2015_09_27_18_35_bci_t.csv,0.0
2015_09_27_18_40_bci_t.csv,0.0
2015_09_27_18_45_bci_t.csv,0.0
2015_09_27_18_50_bci_t.csv,0.0
2015_09_27_18_55_bci_t.csv,0.0
2015_09_27_19_45_bci_t.csv,0.0
2015_09_27_19_35_bci_t.csv,0.0
2015_09_27_19_40_bci_t.csv,0.0
2015_09_27_19_45_bci_t.csv,0.0
2015_09_27_19_50_bci_t.csv,0.0
2015_09_27_19_55_bci_t.csv,0.0
2015_09_27_20_15_bci_t.csv,0.0
2015_09_27_19_35_bci_t.csv,0.0
2015_09_27_19_40_bci_t.csv,0.0
2015_09_27_19_45_bci_t.csv,0.0
2015_09_27_19_50_bci_t.csv,0.0
2015_09_27_19_55_bci_t.csv,0.0
2015_09_27_20_45_bci_t.csv,0.0
2015_09_27_20_35_bci_t.csv,0.0
2015_09_27_20_40_bci_t.csv,0.0
2015_09_27_20_45_bci_t.csv,0.0
2015_09_27_20_50_bci_t.csv,0.0
2015_09_27_20_55_bci_t.csv,0.0
2015_09_27_21_15_bci_t.csv,0.0
2015_09_27_20_35_bci_t.csv,0.0
2015_09_27_20_40_bci_t.csv,0.0
2015_09_27_20_45_bci_t.csv,0.0
2015_09_27_20_50_bci_t.csv,0.0
2015_09_27_20_55_bci_t.csv,0.0
2015_09_27_21_45_bci_t.csv,0.0
2015_09_27_21_35_bci_t.csv,0.0
2015_09_27_21_40_bci_t.csv,0.0
2015_09_27_21_45_bci_t.csv,0.0
2015_09_27_21_50_bci_t.csv,0.0
2015_09_27_21_55_bci_t.csv,0.0
2015_09_27_22_15_bci_t.csv,0.0
2015_09_27_21_35_bci_t.csv,0.0
2015_09_27_21_40_bci_t.csv,0.0
2015_09_27_21_45_bci_t.csv,0.0
2015_09_27_21_50_bci_t.csv,0.0
2015_09_27_21_55_bci_t.csv,0.0
2015_09_27_22_45_bci_t.csv,0.0
2015_09_27_22_35_bci_t.csv,0.0
2015_09_27_22_40_bci_t.csv,0.0
2015_09_27_22_45_bci_t.csv,0.0
2015_09_27_22_50_bci_t.csv,0.0
2015_09_27_22_55_bci_t.csv,0.0
2015_09_27_23_15_bci_t.csv,0.0
2015_09_27_22_35_bci_t.csv,0.0
2015_09_27_22_40_bci_t.csv,0.0
2015_09_27_22_45_bci_t.csv,0.0
2015_09_27_22_50_bci_t.csv,0.0
2015_09_27_22_55_bci_t.csv,0.0
2015_09_27_23_45_bci_t.csv,0.0
2015_09_27_23_35_bci_t.csv,0.0
2015_09_27_23_40_bci_t.csv,0.0
2015_09_27_23_45_bci_t.csv,0.0
2015_09_27_23_50_bci_t.csv,0.0
2015_09_27_23_55_bci_t.csv,0.0
2015_09_28_00_15_bci_t.csv,0.0
2015_09_27_23_35_bci_t.csv,0.0
2015_09_27_23_40_bci_t.csv,0.0
2015_09_27_23_45_bci_t.csv,0.0
2015_09_27_23_50_bci_t.csv,0.0
2015_09_27_23_55_bci_t.csv,0.0
2015_09_28_00_45_bci_t.csv,0.0
2015_09_28_00_35_bci_t.csv,0.0
2015_09_28_00_40_bci_t.csv,0.0
2015_09_28_00_45_bci_t.csv,0.0
2015_09_28_00_50_bci_t.csv,0.0
2015_09_28_00_55_bci_t.csv,0.0
2015_09_28_01_15_bci_t.csv,0.0
2015_09_28_00_35_bci_t.csv,0.0
2015_09_28_00_40_bci_t.csv,0.0
2015_09_28_00_45_bci_t.csv,0.0
2015_09_28_00_50_bci_t.csv,0.0
2015_09_28_00_55_bci_t.csv,0.0
2015_09_28_01_45_bci_t.csv,0.0
2015_09_28_01_35_bci_t.csv,0.0
2015_09_28_01_40_bci_t.csv,0.0
2015_09_28_01_45_bci_t.csv,0.0
2015_09_28_01_50_bci_t.csv,0.0
2015_09_28_01_55_bci_t.csv,0.0
2015_09_28_02_15_bci_t.csv,0.0
2015_09_28_01_35_bci_t.csv,0.0
2015_09_28_01_40_bci_t.csv,0.0
2015_09_28_01_45_bci_t.csv,0.0
2015_09_28_01_50_bci_t.csv,0.0
2015_09_28_01_55_bci_t.csv,0.0
2015_09_28_02_45_bci_t.csv,0.0
2015_09_28_02_35_bci_t.csv,0.0
2015_09_28_02_40_bci_t.csv,0.0
2015_09_28_02_45_bci_t.csv,0.0
2015_09_28_02_50_bci_t.csv,0.0
2015_09_28_02_55_bci_t.csv,0.0
2015_09_28_03_15_bci_t.csv,0.0
2015_09_28_02_35_bci_t.csv,0.0
2015_09_28_02_40_bci_t.csv,0.0
2015_09_28_02_45_bci_t.csv,0.0
2015_09_28_02_50_bci_t.csv,0.0
2015_09_28_02_55_bci_t.csv,0.0
2015_09_28_03_45_bci_t.csv,0.0
2015_09_28_03_35_bci_t.csv,0.0
2015_09_28_03_40_bci_t.csv,0.0
2015_09_28_03_45_bci_t.csv,0.0
2015_09_28_03_50_bci_t.csv,0.0
2015_09_28_03_55_bci_t.csv,0.0
2015_09_28_04_15_bci_t.csv,0.0
2015_09_28_03_35_bci_t.csv,0.0
2015_09_28_03_40_bci_t.csv,0.0
2015_09_28_03_45_bci_t.csv,0.0
2015_09_28_03_50_bci_t.csv,0.0
2015_09_28_03_55_bci_t.csv,0.0
2015_09_28_04_45_bci_t.csv,0.0
2015_09_28_04_35_bci_t.csv,0.0
2015_09_28_04_40_bci_t.csv,0.0
2015_09_28_04_45_bci_t.csv,0.0
2015_09_28_04_50_bci_t.csv,0.0
2015_09_28_04_55_bci_t.csv,0.0
2015_09_28_05_15_bci_t.csv,0.0
2015_09_28_04_35_bci_t.csv,0.0
2015_09_28_04_40_bci_t.csv,0.0
2015_09_28_04_45_bci_t.csv,0.0
2015_09_28_04_50_bci_t.csv,0.0
2015_09_28_04_55_bci_t.csv,0.0
2015_09_28_05_45_bci_t.csv,0.0
2015_09_28_05_35_bci_t.csv,0.66771577
2015_09_28_05_40_bci_t.csv,1.33543154
2015_09_28_05_45_bci_t.csv,2.00314731
2015_09_28_05_50_bci_t.csv,2.67086308
2015_09_28_05_55_bci_t.csv,3.33857885
2015_09_28_06_15_bci_t.csv,4.00629462
2015_09_28_05_35_bci_t.csv,4.050241681166667
2015_09_28_05_40_bci_t.csv,4.094188742333333
2015_09_28_05_45_bci_t.csv,4.1381358035
2015_09_28_05_50_bci_t.csv,4.182082864666667
2015_09_28_05_55_bci_t.csv,4.226029925833333
2015_09_28_06_45_bci_t.csv,4.269976987
2015_09_28_06_35_bci_t.csv,3.8585916363333332
2015_09_28_06_40_bci_t.csv,3.4472062856666668
2015_09_28_06_45_bci_t.csv,3.0358209350000003
2015_09_28_06_50_bci_t.csv,2.624435584333334
2015_09_28_06_55_bci_t.csv,2.2130502336666673
2015_09_28_07_15_bci_t.csv,1.8016648830000002
2015_09_28_06_35_bci_t.csv,3.0726210390000004
2015_09_28_06_40_bci_t.csv,4.343577195
2015_09_28_06_45_bci_t.csv,5.614533351
2015_09_28_06_50_bci_t.csv,6.885489507000001
2015_09_28_06_55_bci_t.csv,8.156445663000001
2015_09_28_07_45_bci_t.csv,9.427401819
2015_09_28_07_35_bci_t.csv,8.897155743666668
2015_09_28_07_40_bci_t.csv,8.366909668333335
2015_09_28_07_45_bci_t.csv,7.836663593000002
2015_09_28_07_50_bci_t.csv,7.306417517666668
2015_09_28_07_55_bci_t.csv,6.776171442333335
2015_09_28_08_15_bci_t.csv,6.245925367000001
2015_09_28_07_35_bci_t.csv,8.103124705833334
2015_09_28_07_40_bci_t.csv,9.960324044666667
2015_09_28_07_45_bci_t.csv,11.8175233835
2015_09_28_07_50_bci_t.csv,13.674722722333332
2015_09_28_07_55_bci_t.csv,15.531922061166664
2015_09_28_08_45_bci_t.csv,17.389121399999997
2015_09_28_08_35_bci_t.csv,16.783203396666664
2015_09_28_08_40_bci_t.csv,16.17728539333333
2015_09_28_08_45_bci_t.csv,15.571367389999999
2015_09_28_08_50_bci_t.csv,14.965449386666666
2015_09_28_08_55_bci_t.csv,14.359531383333334
2015_09_28_09_15_bci_t.csv,13.75361338
2015_09_28_08_35_bci_t.csv,14.560167316666668
2015_09_28_08_40_bci_t.csv,15.366721253333335
2015_09_28_08_45_bci_t.csv,16.173275190000002
2015_09_28_08_50_bci_t.csv,16.97982912666667
2015_09_28_08_55_bci_t.csv,17.786383063333336
2015_09_28_09_45_bci_t.csv,18.592937
2015_09_28_09_35_bci_t.csv,18.63603321
2015_09_28_09_40_bci_t.csv,18.679129420000002
2015_09_28_09_45_bci_t.csv,18.722225630000004
2015_09_28_09_50_bci_t.csv,18.765321840000006
2015_09_28_09_55_bci_t.csv,18.808418050000007
2015_09_28_10_15_bci_t.csv,18.85151426
2015_09_28_09_35_bci_t.csv,19.757114205
2015_09_28_09_40_bci_t.csv,20.66271415
2015_09_28_09_45_bci_t.csv,21.568314094999998
2015_09_28_09_50_bci_t.csv,22.473914039999997
2015_09_28_09_55_bci_t.csv,23.379513984999996
2015_09_28_10_45_bci_t.csv,24.28511393
2015_09_28_10_35_bci_t.csv,24.169089573333334
2015_09_28_10_40_bci_t.csv,24.053065216666667
2015_09_28_10_45_bci_t.csv,23.93704086
2015_09_28_10_50_bci_t.csv,23.821016503333333
2015_09_28_10_55_bci_t.csv,23.704992146666665
2015_09_28_11_15_bci_t.csv,23.58896779
2015_09_28_10_35_bci_t.csv,23.906681505
2015_09_28_10_40_bci_t.csv,24.22439522
2015_09_28_10_45_bci_t.csv,24.542108935
2015_09_28_10_50_bci_t.csv,24.85982265
2015_09_28_10_55_bci_t.csv,25.177536365
2015_09_28_11_45_bci_t.csv,25.49525008
2015_09_28_11_35_bci_t.csv,24.268042913333336
2015_09_28_11_40_bci_t.csv,23.04083574666667
2015_09_28_11_45_bci_t.csv,21.813628580000003
2015_09_28_11_50_bci_t.csv,20.586421413333337
2015_09_28_11_55_bci_t.csv,19.35921424666667
2015_09_28_12_15_bci_t.csv,18.13200708
2015_09_28_11_35_bci_t.csv,18.585810825000003
2015_09_28_11_40_bci_t.csv,19.039614570000005
2015_09_28_11_45_bci_t.csv,19.493418315000007
2015_09_28_11_50_bci_t.csv,19.94722206000001
2015_09_28_11_55_bci_t.csv,20.40102580500001
2015_09_28_12_45_bci_t.csv,20.85482955
2015_09_28_12_35_bci_t.csv,21.265425483333335
2015_09_28_12_40_bci_t.csv,21.676021416666668
2015_09_28_12_45_bci_t.csv,22.08661735
2015_09_28_12_50_bci_t.csv,22.497213283333334
2015_09_28_12_55_bci_t.csv,22.907809216666667
2015_09_28_13_15_bci_t.csv,23.31840515
2015_09_28_12_35_bci_t.csv,24.025712668333334
2015_09_28_12_40_bci_t.csv,24.733020186666668
2015_09_28_12_45_bci_t.csv,25.440327705
2015_09_28_12_50_bci_t.csv,26.147635223333335
2015_09_28_12_55_bci_t.csv,26.85494274166667
2015_09_28_13_45_bci_t.csv,27.56225026
2015_09_28_13_35_bci_t.csv,26.73787567333333
2015_09_28_13_40_bci_t.csv,25.913501086666663
2015_09_28_13_45_bci_t.csv,25.089126499999995
2015_09_28_13_50_bci_t.csv,24.264751913333328
2015_09_28_13_55_bci_t.csv,23.44037732666666
2015_09_28_14_15_bci_t.csv,22.61600274
2015_09_28_13_35_bci_t.csv,22.22774971333333
2015_09_28_13_40_bci_t.csv,21.839496686666664
2015_09_28_13_45_bci_t.csv,21.451243659999996
2015_09_28_13_50_bci_t.csv,21.062990633333328
2015_09_28_13_55_bci_t.csv,20.67473760666666
2015_09_28_14_45_bci_t.csv,20.28648458
2015_09_28_14_35_bci_t.csv,20.144578581666668
2015_09_28_14_40_bci_t.csv,20.002672583333336
2015_09_28_14_45_bci_t.csv,19.860766585000004
2015_09_28_14_50_bci_t.csv,19.718860586666672
2015_09_28_14_55_bci_t.csv,19.57695458833334
2015_09_28_15_15_bci_t.csv,19.43504859
2015_09_28_14_35_bci_t.csv,18.71637408
2015_09_28_14_40_bci_t.csv,17.99769957
2015_09_28_14_45_bci_t.csv,17.279025060000002
2015_09_28_14_50_bci_t.csv,16.560350550000003
2015_09_28_14_55_bci_t.csv,15.841676040000003
2015_09_28_15_45_bci_t.csv,15.12300153
2015_09_28_15_35_bci_t.csv,14.35166957
2015_09_28_15_40_bci_t.csv,13.58033761
2015_09_28_15_45_bci_t.csv,12.809005650000001
2015_09_28_15_50_bci_t.csv,12.037673690000002
2015_09_28_15_55_bci_t.csv,11.266341730000002
2015_09_28_16_15_bci_t.csv,10.49500977
2015_09_28_15_35_bci_t.csv,10.018912588
2015_09_28_15_40_bci_t.csv,9.542815405999999
2015_09_28_15_45_bci_t.csv,9.066718223999999
2015_09_28_15_50_bci_t.csv,8.590621041999999
2015_09_28_15_55_bci_t.csv,8.114523859999998
2015_09_28_16_45_bci_t.csv,7.638426677999999
2015_09_28_16_35_bci_t.csv,6.698701875166666
2015_09_28_16_40_bci_t.csv,5.758977072333333
2015_09_28_16_45_bci_t.csv,4.8192522695
2015_09_28_16_50_bci_t.csv,3.8795274666666666
2015_09_28_16_55_bci_t.csv,2.9398026638333334
2015_09_28_17_15_bci_t.csv,2.000077861
2015_09_28_16_35_bci_t.csv,1.6667315508333331
2015_09_28_16_40_bci_t.csv,1.3333852406666664
2015_09_28_16_45_bci_t.csv,1.0000389304999997
2015_09_28_16_50_bci_t.csv,0.666692620333333
2015_09_28_16_55_bci_t.csv,0.3333463101666663
2015_09_28_17_45_bci_t.csv,0.0
2015_09_28_17_35_bci_t.csv,0.0
2015_09_28_17_40_bci_t.csv,0.0
2015_09_28_17_45_bci_t.csv,0.0
2015_09_28_17_50_bci_t.csv,0.0
2015_09_28_17_55_bci_t.csv,0.0
2015_09_28_18_15_bci_t.csv,0.0
2015_09_28_17_35_bci_t.csv,0.0
2015_09_28_17_40_bci_t.csv,0.0
2015_09_28_17_45_bci_t.csv,0.0
2015_09_28_17_50_bci_t.csv,0.0
2015_09_28_17_55_bci_t.csv,0.0
2015_09_28_18_45_bci_t.csv,0.0
2015_09_28_18_35_bci_t.csv,0.0
2015_09_28_18_40_bci_t.csv,0.0
2015_09_28_18_45_bci_t.csv,0.0
2015_09_28_18_50_bci_t.csv,0.0
2015_09_28_18_55_bci_t.csv,0.0
2015_09_28_19_15_bci_t.csv,0.0
2015_09_28_18_35_bci_t.csv,0.0
2015_09_28_18_40_bci_t.csv,0.0
2015_09_28_18_45_bci_t.csv,0.0
2015_09_28_18_50_bci_t.csv,0.0
2015_09_28_18_55_bci_t.csv,0.0
2015_09_28_19_45_bci_t.csv,0.0
2015_09_28_19_35_bci_t.csv,0.0
2015_09_28_19_40_bci_t.csv,0.0
2015_09_28_19_45_bci_t.csv,0.0
2015_09_28_19_50_bci_t.csv,0.0
2015_09_28_19_55_bci_t.csv,0.0
2015_09_28_20_15_bci_t.csv,0.0
2015_09_28_19_35_bci_t.csv,0.0
2015_09_28_19_40_bci_t.csv,0.0
2015_09_28_19_45_bci_t.csv,0.0
2015_09_28_19_50_bci_t.csv,0.0
2015_09_28_19_55_bci_t.csv,0.0
2015_09_28_20_45_bci_t.csv,0.0
2015_09_28_20_35_bci_t.csv,0.0
2015_09_28_20_40_bci_t.csv,0.0
2015_09_28_20_45_bci_t.csv,0.0
2015_09_28_20_50_bci_t.csv,0.0
2015_09_28_20_55_bci_t.csv,0.0
2015_09_28_21_15_bci_t.csv,0.0
2015_09_28_20_35_bci_t.csv,0.0
2015_09_28_20_40_bci_t.csv,0.0
2015_09_28_20_45_bci_t.csv,0.0
2015_09_28_20_50_bci_t.csv,0.0
2015_09_28_20_55_bci_t.csv,0.0
2015_09_28_21_45_bci_t.csv,0.0
2015_09_28_21_35_bci_t.csv,0.0
2015_09_28_21_40_bci_t.csv,0.0
2015_09_28_21_45_bci_t.csv,0.0
2015_09_28_21_50_bci_t.csv,0.0
2015_09_28_21_55_bci_t.csv,0.0
2015_09_28_22_15_bci_t.csv,0.0
2015_09_28_21_35_bci_t.csv,0.0
2015_09_28_21_40_bci_t.csv,0.0
2015_09_28_21_45_bci_t.csv,0.0
2015_09_28_21_50_bci_t.csv,0.0
2015_09_28_21_55_bci_t.csv,0.0
2015_09_28_22_45_bci_t.csv,0.0
2015_09_28_22_35_bci_t.csv,0.0
2015_09_28_22_40_bci_t.csv,0.0
2015_09_28_22_45_bci_t.csv,0.0
2015_09_28_22_50_bci_t.csv,0.0
2015_09_28_22_55_bci_t.csv,0.0
2015_09_28_23_15_bci_t.csv,0.0
2015_09_28_22_35_bci_t.csv,0.0
2015_09_28_22_40_bci_t.csv,0.0
2015_09_28_22_45_bci_t.csv,0.0
2015_09_28_22_50_bci_t.csv,0.0
2015_09_28_22_55_bci_t.csv,0.0
2015_09_28_23_45_bci_t.csv,0.0
2015_09_28_23_35_bci_t.csv,0.0
2015_09_28_23_40_bci_t.csv,0.0
2015_09_28_23_45_bci_t.csv,0.0
2015_09_28_23_50_bci_t.csv,0.0
2015_09_28_23_55_bci_t.csv,0.0
2015_09_29_00_15_bci_t.csv,0.0
2015_09_28_23_35_bci_t.csv,0.0
2015_09_28_23_40_bci_t.csv,0.0
2015_09_28_23_45_bci_t.csv,0.0
2015_09_28_23_50_bci_t.csv,0.0
2015_09_28_23_55_bci_t.csv,0.0
2015_09_29_00_45_bci_t.csv,0.0
2015_09_29_00_35_bci_t.csv,0.0
2015_09_29_00_40_bci_t.csv,0.0
2015_09_29_00_45_bci_t.csv,0.0
2015_09_29_00_50_bci_t.csv,0.0
2015_09_29_00_55_bci_t.csv,0.0
2015_09_29_01_15_bci_t.csv,0.0
2015_09_29_00_35_bci_t.csv,0.0
2015_09_29_00_40_bci_t.csv,0.0
2015_09_29_00_45_bci_t.csv,0.0
2015_09_29_00_50_bci_t.csv,0.0
2015_09_29_00_55_bci_t.csv,0.0
2015_09_29_01_45_bci_t.csv,0.0
2015_09_29_01_35_bci_t.csv,0.0
2015_09_29_01_40_bci_t.csv,0.0
2015_09_29_01_45_bci_t.csv,0.0
2015_09_29_01_50_bci_t.csv,0.0
2015_09_29_01_55_bci_t.csv,0.0
2015_09_29_02_15_bci_t.csv,0.0
2015_09_29_01_35_bci_t.csv,0.0
2015_09_29_01_40_bci_t.csv,0.0
2015_09_29_01_45_bci_t.csv,0.0
2015_09_29_01_50_bci_t.csv,0.0
2015_09_29_01_55_bci_t.csv,0.0
2015_09_29_02_45_bci_t.csv,0.0
2015_09_29_02_35_bci_t.csv,0.0
2015_09_29_02_40_bci_t.csv,0.0
2015_09_29_02_45_bci_t.csv,0.0
2015_09_29_02_50_bci_t.csv,0.0
2015_09_29_02_55_bci_t.csv,0.0
2015_09_29_03_15_bci_t.csv,0.0
2015_09_29_02_35_bci_t.csv,0.0
2015_09_29_02_40_bci_t.csv,0.0
2015_09_29_02_45_bci_t.csv,0.0
2015_09_29_02_50_bci_t.csv,0.0
2015_09_29_02_55_bci_t.csv,0.0
2015_09_29_03_45_bci_t.csv,0.0
2015_09_29_03_35_bci_t.csv,0.0
2015_09_29_03_40_bci_t.csv,0.0
2015_09_29_03_45_bci_t.csv,0.0
2015_09_29_03_50_bci_t.csv,0.0
2015_09_29_03_55_bci_t.csv,0.0
2015_09_29_04_15_bci_t.csv,0.0
2015_09_29_03_35_bci_t.csv,0.0
2015_09_29_03_40_bci_t.csv,0.0
2015_09_29_03_45_bci_t.csv,0.0
2015_09_29_03_50_bci_t.csv,0.0
2015_09_29_03_55_bci_t.csv,0.0
2015_09_29_04_45_bci_t.csv,0.0
2015_09_29_04_35_bci_t.csv,0.0
2015_09_29_04_40_bci_t.csv,0.0
2015_09_29_04_45_bci_t.csv,0.0
2015_09_29_04_50_bci_t.csv,0.0
2015_09_29_04_55_bci_t.csv,0.0
2015_09_29_05_15_bci_t.csv,0.0
2015_09_29_04_35_bci_t.csv,0.0
2015_09_29_04_40_bci_t.csv,0.0
2015_09_29_04_45_bci_t.csv,0.0
2015_09_29_04_50_bci_t.csv,0.0
2015_09_29_04_55_bci_t.csv,0.0
2015_09_29_05_45_bci_t.csv,0.0
2015_09_29_05_35_bci_t.csv,0.4211167058333333
2015_09_29_05_40_bci_t.csv,0.8422334116666667
2015_09_29_05_45_bci_t.csv,1.2633501175
2015_09_29_05_50_bci_t.csv,1.6844668233333333
2015_09_29_05_55_bci_t.csv,2.1055835291666667
2015_09_29_06_15_bci_t.csv,2.526700235
2015_09_29_05_35_bci_t.csv,2.897400427
2015_09_29_05_40_bci_t.csv,3.268100619
2015_09_29_05_45_bci_t.csv,3.6388008110000003
2015_09_29_05_50_bci_t.csv,4.0095010030000005
2015_09_29_05_55_bci_t.csv,4.380201195000001
2015_09_29_06_45_bci_t.csv,4.750901387
2015_09_29_06_35_bci_t.csv,4.5893388748333335
2015_09_29_06_40_bci_t.csv,4.427776362666667
2015_09_29_06_45_bci_t.csv,4.266213850500001
2015_09_29_06_50_bci_t.csv,4.104651338333334
2015_09_29_06_55_bci_t.csv,3.9430888261666674
2015_09_29_07_15_bci_t.csv,3.7815263139999997
2015_09_29_06_35_bci_t.csv,3.5090951511666666
2015_09_29_06_40_bci_t.csv,3.2366639883333335
2015_09_29_06_45_bci_t.csv,2.9642328255000003
2015_09_29_06_50_bci_t.csv,2.691801662666667
2015_09_29_06_55_bci_t.csv,2.419370499833334
2015_09_29_07_45_bci_t.csv,2.146939337
2015_09_29_07_35_bci_t.csv,4.645025939166667
2015_09_29_07_40_bci_t.csv,7.143112541333334
2015_09_29_07_45_bci_t.csv,9.641199143500002
2015_09_29_07_50_bci_t.csv,12.139285745666669
2015_09_29_07_55_bci_t.csv,14.637372347833336
2015_09_29_08_15_bci_t.csv,17.13545895
2015_09_29_07_35_bci_t.csv,18.018316635
2015_09_29_07_40_bci_t.csv,18.901174320000003
2015_09_29_07_45_bci_t.csv,19.784032005000004
2015_09_29_07_50_bci_t.csv,20.666889690000005
2015_09_29_07_55_bci_t.csv,21.549747375000006
2015_09_29_08_45_bci_t.csv,22.43260506
2015_09_29_08_35_bci_t.csv,21.640233261666665
2015_09_29_08_40_bci_t.csv,20.84786146333333
2015_09_29_08_45_bci_t.csv,20.055489664999996
2015_09_29_08_50_bci_t.csv,19.26311786666666
2015_09_29_08_55_bci_t.csv,18.470746068333327
2015_09_29_09_15_bci_t.csv,17.67837427
2015_09_29_08_35_bci_t.csv,20.007183588333334
2015_09_29_08_40_bci_t.csv,22.335992906666668
2015_09_29_08_45_bci_t.csv,24.664802225000003
2015_09_29_08_50_bci_t.csv,26.993611543333337
2015_09_29_08_55_bci_t.csv,29.32242086166667
2015_09_29_09_45_bci_t.csv,31.65123018
2015_09_29_09_35_bci_t.csv,30.060287913333333
2015_09_29_09_40_bci_t.csv,28.469345646666667
2015_09_29_09_45_bci_t.csv,26.87840338
2015_09_29_09_50_bci_t.csv,25.287461113333336
2015_09_29_09_55_bci_t.csv,23.69651884666667
2015_09_29_10_15_bci_t.csv,22.10557658
2015_09_29_09_35_bci_t.csv,21.70054518166667
2015_09_29_09_40_bci_t.csv,21.295513783333334
2015_09_29_09_45_bci_t.csv,20.890482385
2015_09_29_09_50_bci_t.csv,20.485450986666663
2015_09_29_09_55_bci_t.csv,20.080419588333328
2015_09_29_10_45_bci_t.csv,19.67538819
2015_09_29_10_35_bci_t.csv,20.41871464
2015_09_29_10_40_bci_t.csv,21.162041090000002
2015_09_29_10_45_bci_t.csv,21.905367540000004
2015_09_29_10_50_bci_t.csv,22.648693990000005
2015_09_29_10_55_bci_t.csv,23.392020440000007
2015_09_29_11_15_bci_t.csv,24.13534689
2015_09_29_10_35_bci_t.csv,23.252063208333333
2015_09_29_10_40_bci_t.csv,22.368779526666664
2015_09_29_10_45_bci_t.csv,21.485495844999996
2015_09_29_10_50_bci_t.csv,20.602212163333327
2015_09_29_10_55_bci_t.csv,19.71892848166666
2015_09_29_11_45_bci_t.csv,18.8356448
2015_09_29_11_35_bci_t.csv,20.08759790166667
2015_09_29_11_40_bci_t.csv,21.339551003333334
2015_09_29_11_45_bci_t.csv,22.591504105
2015_09_29_11_50_bci_t.csv,23.843457206666663
2015_09_29_11_55_bci_t.csv,25.095410308333328
2015_09_29_12_15_bci_t.csv,26.34736341
2015_09_29_11_35_bci_t.csv,25.72337974
2015_09_29_11_40_bci_t.csv,25.099396069999997
2015_09_29_11_45_bci_t.csv,24.475412399999996
2015_09_29_11_50_bci_t.csv,23.851428729999995
2015_09_29_11_55_bci_t.csv,23.227445059999994
2015_09_29_12_45_bci_t.csv,22.60346139
2015_09_29_12_35_bci_t.csv,23.39377667
2015_09_29_12_40_bci_t.csv,24.184091950000003
2015_09_29_12_45_bci_t.csv,24.974407230000004
2015_09_29_12_50_bci_t.csv,25.764722510000006
2015_09_29_12_55_bci_t.csv,26.555037790000007
2015_09_29_13_15_bci_t.csv,27.34535307
2015_09_29_12_35_bci_t.csv,28.00855333
2015_09_29_12_40_bci_t.csv,28.67175359
2015_09_29_12_45_bci_t.csv,29.33495385
2015_09_29_12_50_bci_t.csv,29.99815411
2015_09_29_12_55_bci_t.csv,30.66135437
2015_09_29_13_45_bci_t.csv,31.32455463
2015_09_29_13_35_bci_t.csv,28.120335041666667
2015_09_29_13_40_bci_t.csv,24.916115453333333
2015_09_29_13_45_bci_t.csv,21.711895865
2015_09_29_13_50_bci_t.csv,18.507676276666665
2015_09_29_13_55_bci_t.csv,15.30345668833333
2015_09_29_14_15_bci_t.csv,12.0992371
2015_09_29_13_35_bci_t.csv,11.364764509
2015_09_29_13_40_bci_t.csv,10.630291918000001
2015_09_29_13_45_bci_t.csv,9.895819327000002
2015_09_29_13_50_bci_t.csv,9.161346736000002
2015_09_29_13_55_bci_t.csv,8.426874145000003
2015_09_29_14_45_bci_t.csv,7.692401554
2015_09_29_14_35_bci_t.csv,7.501160948166667
2015_09_29_14_40_bci_t.csv,7.309920342333333
2015_09_29_14_45_bci_t.csv,7.1186797365
2015_09_29_14_50_bci_t.csv,6.9274391306666665
2015_09_29_14_55_bci_t.csv,6.736198524833333
2015_09_29_15_15_bci_t.csv,6.544957919
2015_09_29_14_35_bci_t.csv,5.730384201333333
2015_09_29_14_40_bci_t.csv,4.915810483666666
2015_09_29_14_45_bci_t.csv,4.1012367659999995
2015_09_29_14_50_bci_t.csv,3.286663048333333
2015_09_29_14_55_bci_t.csv,2.472089330666666
2015_09_29_15_45_bci_t.csv,1.6575156130000002
2015_09_29_15_35_bci_t.csv,1.8420803155
2015_09_29_15_40_bci_t.csv,2.026645018
2015_09_29_15_45_bci_t.csv,2.2112097205
2015_09_29_15_50_bci_t.csv,2.3957744229999998
2015_09_29_15_55_bci_t.csv,2.5803391254999997
2015_09_29_16_15_bci_t.csv,2.764903828
2015_09_29_15_35_bci_t.csv,2.979182947
2015_09_29_15_40_bci_t.csv,3.193462066
2015_09_29_15_45_bci_t.csv,3.407741185
2015_09_29_15_50_bci_t.csv,3.622020304
2015_09_29_15_55_bci_t.csv,3.836299423
2015_09_29_16_45_bci_t.csv,4.050578542
2015_09_29_16_35_bci_t.csv,3.3819316568333337
2015_09_29_16_40_bci_t.csv,2.7132847716666673
2015_09_29_16_45_bci_t.csv,2.044637886500001
2015_09_29_16_50_bci_t.csv,1.3759910013333343
2015_09_29_16_55_bci_t.csv,0.7073441161666677
2015_09_29_17_15_bci_t.csv,0.038697231
2015_09_29_16_35_bci_t.csv,0.0322476925
2015_09_29_16_40_bci_t.csv,0.025798154
2015_09_29_16_45_bci_t.csv,0.0193486155
2015_09_29_16_50_bci_t.csv,0.012899076999999998
2015_09_29_16_55_bci_t.csv,0.006449538499999998
2015_09_29_17_45_bci_t.csv,0.0
2015_09_29_17_35_bci_t.csv,0.0
2015_09_29_17_40_bci_t.csv,0.0
2015_09_29_17_45_bci_t.csv,0.0
2015_09_29_17_50_bci_t.csv,0.0
2015_09_29_17_55_bci_t.csv,0.0
2015_09_29_18_15_bci_t.csv,0.0
2015_09_29_17_35_bci_t.csv,0.0
2015_09_29_17_40_bci_t.csv,0.0
2015_09_29_17_45_bci_t.csv,0.0
2015_09_29_17_50_bci_t.csv,0.0
2015_09_29_17_55_bci_t.csv,0.0
2015_09_29_18_45_bci_t.csv,0.0
2015_09_29_18_35_bci_t.csv,0.0
2015_09_29_18_40_bci_t.csv,0.0
2015_09_29_18_45_bci_t.csv,0.0
2015_09_29_18_50_bci_t.csv,0.0
2015_09_29_18_55_bci_t.csv,0.0
2015_09_29_19_15_bci_t.csv,0.0
2015_09_29_18_35_bci_t.csv,0.0
2015_09_29_18_40_bci_t.csv,0.0
2015_09_29_18_45_bci_t.csv,0.0
2015_09_29_18_50_bci_t.csv,0.0
2015_09_29_18_55_bci_t.csv,0.0
2015_09_29_19_45_bci_t.csv,0.0
2015_09_29_19_35_bci_t.csv,0.0
2015_09_29_19_40_bci_t.csv,0.0
2015_09_29_19_45_bci_t.csv,0.0
2015_09_29_19_50_bci_t.csv,0.0
2015_09_29_19_55_bci_t.csv,0.0
2015_09_29_20_15_bci_t.csv,0.0
2015_09_29_19_35_bci_t.csv,0.0
2015_09_29_19_40_bci_t.csv,0.0
2015_09_29_19_45_bci_t.csv,0.0
2015_09_29_19_50_bci_t.csv,0.0
2015_09_29_19_55_bci_t.csv,0.0
2015_09_29_20_45_bci_t.csv,0.0
2015_09_29_20_35_bci_t.csv,0.0
2015_09_29_20_40_bci_t.csv,0.0
2015_09_29_20_45_bci_t.csv,0.0
2015_09_29_20_50_bci_t.csv,0.0
2015_09_29_20_55_bci_t.csv,0.0
2015_09_29_21_15_bci_t.csv,0.0
2015_09_29_20_35_bci_t.csv,0.0
2015_09_29_20_40_bci_t.csv,0.0
2015_09_29_20_45_bci_t.csv,0.0
2015_09_29_20_50_bci_t.csv,0.0
2015_09_29_20_55_bci_t.csv,0.0
2015_09_29_21_45_bci_t.csv,0.0
2015_09_29_21_35_bci_t.csv,0.0
2015_09_29_21_40_bci_t.csv,0.0
2015_09_29_21_45_bci_t.csv,0.0
2015_09_29_21_50_bci_t.csv,0.0
2015_09_29_21_55_bci_t.csv,0.0
2015_09_29_22_15_bci_t.csv,0.0
2015_09_29_21_35_bci_t.csv,0.0
2015_09_29_21_40_bci_t.csv,0.0
2015_09_29_21_45_bci_t.csv,0.0
2015_09_29_21_50_bci_t.csv,0.0
2015_09_29_21_55_bci_t.csv,0.0
2015_09_29_22_45_bci_t.csv,0.0
2015_09_29_22_35_bci_t.csv,0.0
2015_09_29_22_40_bci_t.csv,0.0
2015_09_29_22_45_bci_t.csv,0.0
2015_09_29_22_50_bci_t.csv,0.0
2015_09_29_22_55_bci_t.csv,0.0
2015_09_29_23_15_bci_t.csv,0.0
2015_09_29_22_35_bci_t.csv,0.0
2015_09_29_22_40_bci_t.csv,0.0
2015_09_29_22_45_bci_t.csv,0.0
2015_09_29_22_50_bci_t.csv,0.0
2015_09_29_22_55_bci_t.csv,0.0
2015_09_29_23_45_bci_t.csv,0.0
2015_09_29_23_35_bci_t.csv,0.0
2015_09_29_23_40_bci_t.csv,0.0
2015_09_29_23_45_bci_t.csv,0.0
2015_09_29_23_50_bci_t.csv,0.0
2015_09_29_23_55_bci_t.csv,0.0
2015_09_30_00_15_bci_t.csv,0.0
2015_09_29_23_35_bci_t.csv,0.0
2015_09_29_23_40_bci_t.csv,0.0
2015_09_29_23_45_bci_t.csv,0.0
2015_09_29_23_50_bci_t.csv,0.0
2015_09_29_23_55_bci_t.csv,0.0
2015_09_30_00_45_bci_t.csv,0.0
2015_09_30_00_35_bci_t.csv,0.0
2015_09_30_00_40_bci_t.csv,0.0
2015_09_30_00_45_bci_t.csv,0.0
2015_09_30_00_50_bci_t.csv,0.0
2015_09_30_00_55_bci_t.csv,0.0
2015_09_30_01_15_bci_t.csv,0.0
2015_09_30_00_35_bci_t.csv,0.0
2015_09_30_00_40_bci_t.csv,0.0
2015_09_30_00_45_bci_t.csv,0.0
2015_09_30_00_50_bci_t.csv,0.0
2015_09_30_00_55_bci_t.csv,0.0
2015_09_30_01_45_bci_t.csv,0.0
2015_09_30_01_35_bci_t.csv,0.0
2015_09_30_01_40_bci_t.csv,0.0
2015_09_30_01_45_bci_t.csv,0.0
2015_09_30_01_50_bci_t.csv,0.0
2015_09_30_01_55_bci_t.csv,0.0
2015_09_30_02_15_bci_t.csv,0.0
2015_09_30_01_35_bci_t.csv,0.0
2015_09_30_01_40_bci_t.csv,0.0
2015_09_30_01_45_bci_t.csv,0.0
2015_09_30_01_50_bci_t.csv,0.0
2015_09_30_01_55_bci_t.csv,0.0
2015_09_30_02_45_bci_t.csv,0.0
2015_09_30_02_35_bci_t.csv,0.0
2015_09_30_02_40_bci_t.csv,0.0
2015_09_30_02_45_bci_t.csv,0.0
2015_09_30_02_50_bci_t.csv,0.0
2015_09_30_02_55_bci_t.csv,0.0
2015_09_30_03_15_bci_t.csv,0.0
2015_09_30_02_35_bci_t.csv,0.0
2015_09_30_02_40_bci_t.csv,0.0
2015_09_30_02_45_bci_t.csv,0.0
2015_09_30_02_50_bci_t.csv,0.0
2015_09_30_02_55_bci_t.csv,0.0
2015_09_30_03_45_bci_t.csv,0.0
2015_09_30_03_35_bci_t.csv,0.0
2015_09_30_03_40_bci_t.csv,0.0
2015_09_30_03_45_bci_t.csv,0.0
2015_09_30_03_50_bci_t.csv,0.0
2015_09_30_03_55_bci_t.csv,0.0
2015_09_30_04_15_bci_t.csv,0.0
2015_09_30_03_35_bci_t.csv,0.0
2015_09_30_03_40_bci_t.csv,0.0
2015_09_30_03_45_bci_t.csv,0.0
2015_09_30_03_50_bci_t.csv,0.0
2015_09_30_03_55_bci_t.csv,0.0
2015_09_30_04_45_bci_t.csv,0.0
2015_09_30_04_35_bci_t.csv,0.0
2015_09_30_04_40_bci_t.csv,0.0
2015_09_30_04_45_bci_t.csv,0.0
2015_09_30_04_50_bci_t.csv,0.0
2015_09_30_04_55_bci_t.csv,0.0
2015_09_30_05_15_bci_t.csv,0.0
2015_09_30_04_35_bci_t.csv,0.0
2015_09_30_04_40_bci_t.csv,0.0
2015_09_30_04_45_bci_t.csv,0.0
2015_09_30_04_50_bci_t.csv,0.0
2015_09_30_04_55_bci_t.csv,0.0
2015_09_30_05_45_bci_t.csv,0.0
2015_09_30_05_35_bci_t.csv,0.4609853606666667
2015_09_30_05_40_bci_t.csv,0.9219707213333334
2015_09_30_05_45_bci_t.csv,1.382956082
2015_09_30_05_50_bci_t.csv,1.8439414426666667
2015_09_30_05_55_bci_t.csv,2.304926803333333
2015_09_30_06_15_bci_t.csv,2.765912164
2015_09_30_05_35_bci_t.csv,4.302892113333334
2015_09_30_05_40_bci_t.csv,5.839872062666667
2015_09_30_05_45_bci_t.csv,7.3768520120000005
2015_09_30_05_50_bci_t.csv,8.913831961333333
2015_09_30_05_55_bci_t.csv,10.450811910666665
2015_09_30_06_45_bci_t.csv,11.98779186
2015_09_30_06_35_bci_t.csv,11.074501259333333
2015_09_30_06_40_bci_t.csv,10.161210658666667
2015_09_30_06_45_bci_t.csv,9.247920058
2015_09_30_06_50_bci_t.csv,8.334629457333333
2015_09_30_06_55_bci_t.csv,7.421338856666667
2015_09_30_07_15_bci_t.csv,6.508048256
2015_09_30_06_35_bci_t.csv,7.597149736666667
2015_09_30_06_40_bci_t.csv,8.686251217333334
2015_09_30_06_45_bci_t.csv,9.775352698
2015_09_30_06_50_bci_t.csv,10.864454178666668
2015_09_30_06_55_bci_t.csv,11.953555659333334
2015_09_30_07_45_bci_t.csv,13.04265714
2015_09_30_07_35_bci_t.csv,12.827976563333333
2015_09_30_07_40_bci_t.csv,12.613295986666667
2015_09_30_07_45_bci_t.csv,12.398615410000001
2015_09_30_07_50_bci_t.csv,12.183934833333335
2015_09_30_07_55_bci_t.csv,11.96925425666667
2015_09_30_08_15_bci_t.csv,11.75457368
2015_09_30_07_35_bci_t.csv,12.601212963333333
2015_09_30_07_40_bci_t.csv,13.447852246666667
2015_09_30_07_45_bci_t.csv,14.29449153
2015_09_30_07_50_bci_t.csv,15.141130813333334
2015_09_30_07_55_bci_t.csv,15.987770096666667
2015_09_30_08_45_bci_t.csv,16.83440938
2015_09_30_08_35_bci_t.csv,16.99040404666667
2015_09_30_08_40_bci_t.csv,17.146398713333333
2015_09_30_08_45_bci_t.csv,17.302393379999998
2015_09_30_08_50_bci_t.csv,17.458388046666663
2015_09_30_08_55_bci_t.csv,17.614382713333328
2015_09_30_09_15_bci_t.csv,17.77037738
2015_09_30_08_35_bci_t.csv,18.3762194
2015_09_30_08_40_bci_t.csv,18.98206142
2015_09_30_08_45_bci_t.csv,19.58790344
2015_09_30_08_50_bci_t.csv,20.193745460000002
2015_09_30_08_55_bci_t.csv,20.799587480000003
2015_09_30_09_45_bci_t.csv,21.4054295
2015_09_30_09_35_bci_t.csv,22.56193708
2015_09_30_09_40_bci_t.csv,23.71844466
2015_09_30_09_45_bci_t.csv,24.87495224
2015_09_30_09_50_bci_t.csv,26.03145982
2015_09_30_09_55_bci_t.csv,27.187967399999998
2015_09_30_10_15_bci_t.csv,28.34447498
2015_09_30_09_35_bci_t.csv,29.15819887
2015_09_30_09_40_bci_t.csv,29.971922759999998
2015_09_30_09_45_bci_t.csv,30.785646649999997
2015_09_30_09_50_bci_t.csv,31.599370539999995
2015_09_30_09_55_bci_t.csv,32.413094429999994
2015_09_30_10_45_bci_t.csv,33.22681832
2015_09_30_10_35_bci_t.csv,30.97843586833333
2015_09_30_10_40_bci_t.csv,28.730053416666664
2015_09_30_10_45_bci_t.csv,26.481670964999996
2015_09_30_10_50_bci_t.csv,24.233288513333328
2015_09_30_10_55_bci_t.csv,21.98490606166666
2015_09_30_11_15_bci_t.csv,19.73652361
2015_09_30_10_35_bci_t.csv,18.366188423333334
2015_09_30_10_40_bci_t.csv,16.99585323666667
2015_09_30_10_45_bci_t.csv,15.625518050000002
2015_09_30_10_50_bci_t.csv,14.255182863333335
2015_09_30_10_55_bci_t.csv,12.884847676666668
2015_09_30_11_45_bci_t.csv,11.51451249
2015_09_30_11_35_bci_t.csv,11.695534866666666
2015_09_30_11_40_bci_t.csv,11.876557243333332
2015_09_30_11_45_bci_t.csv,12.057579619999998
2015_09_30_11_50_bci_t.csv,12.238601996666665
2015_09_30_11_55_bci_t.csv,12.419624373333331
2015_09_30_12_15_bci_t.csv,12.60064675
2015_09_30_11_35_bci_t.csv,14.186685259999999
2015_09_30_11_40_bci_t.csv,15.772723769999999
2015_09_30_11_45_bci_t.csv,17.35876228
2015_09_30_11_50_bci_t.csv,18.944800790000002
2015_09_30_11_55_bci_t.csv,20.530839300000004
2015_09_30_12_45_bci_t.csv,22.11687781
2015_09_30_12_35_bci_t.csv,21.592771293333332
2015_09_30_12_40_bci_t.csv,21.068664776666665
2015_09_30_12_45_bci_t.csv,20.54455826
2015_09_30_12_50_bci_t.csv,20.020451743333332
2015_09_30_12_55_bci_t.csv,19.496345226666666
2015_09_30_13_15_bci_t.csv,18.97223871
2015_09_30_12_35_bci_t.csv,19.30221224
2015_09_30_12_40_bci_t.csv,19.63218577
2015_09_30_12_45_bci_t.csv,19.9621593
2015_09_30_12_50_bci_t.csv,20.29213283
2015_09_30_12_55_bci_t.csv,20.62210636
2015_09_30_13_45_bci_t.csv,20.95207989
2015_09_30_13_35_bci_t.csv,18.242084216333332
2015_09_30_13_40_bci_t.csv,15.532088542666665
2015_09_30_13_45_bci_t.csv,12.822092868999999
2015_09_30_13_50_bci_t.csv,10.112097195333332
2015_09_30_13_55_bci_t.csv,7.4021015216666655
2015_09_30_14_15_bci_t.csv,4.692105848
2015_09_30_13_35_bci_t.csv,5.747364409999999
2015_09_30_13_40_bci_t.csv,6.802622972
2015_09_30_13_45_bci_t.csv,7.857881534000001
2015_09_30_13_50_bci_t.csv,8.913140096000001
2015_09_30_13_55_bci_t.csv,9.968398658000002
2015_09_30_14_45_bci_t.csv,11.02365722
2015_09_30_14_35_bci_t.csv,10.943361741666667
2015_09_30_14_40_bci_t.csv,10.863066263333334
2015_09_30_14_45_bci_t.csv,10.782770785
2015_09_30_14_50_bci_t.csv,10.702475306666667
2015_09_30_14_55_bci_t.csv,10.622179828333334
2015_09_30_15_15_bci_t.csv,10.54188435
2015_09_30_14_35_bci_t.csv,9.516294028666668
2015_09_30_14_40_bci_t.csv,8.490703707333335
2015_09_30_14_45_bci_t.csv,7.465113386000001
2015_09_30_14_50_bci_t.csv,6.439523064666668
2015_09_30_14_55_bci_t.csv,5.413932743333334
2015_09_30_15_45_bci_t.csv,4.388342422
2015_09_30_15_35_bci_t.csv,3.7878071236666666
2015_09_30_15_40_bci_t.csv,3.187271825333333
2015_09_30_15_45_bci_t.csv,2.586736527
2015_09_30_15_50_bci_t.csv,1.9862012286666664
2015_09_30_15_55_bci_t.csv,1.385665930333333
2015_09_30_16_15_bci_t.csv,0.785130632
2015_09_30_15_35_bci_t.csv,0.6542755266666667
2015_09_30_15_40_bci_t.csv,0.5234204213333333
2015_09_30_15_45_bci_t.csv,0.392565316
2015_09_30_15_50_bci_t.csv,0.26171021066666666
2015_09_30_15_55_bci_t.csv,0.13085510533333333
2015_09_30_16_45_bci_t.csv,0.0
2015_09_30_16_35_bci_t.csv,0.0
2015_09_30_16_40_bci_t.csv,0.0
2015_09_30_16_45_bci_t.csv,0.0
2015_09_30_16_50_bci_t.csv,0.0
2015_09_30_16_55_bci_t.csv,0.0
2015_09_30_17_15_bci_t.csv,0.0
2015_09_30_16_35_bci_t.csv,0.0
2015_09_30_16_40_bci_t.csv,0.0
2015_09_30_16_45_bci_t.csv,0.0
2015_09_30_16_50_bci_t.csv,0.0
2015_09_30_16_55_bci_t.csv,0.0
2015_09_30_17_45_bci_t.csv,0.0
2015_09_30_17_35_bci_t.csv,0.0
2015_09_30_17_40_bci_t.csv,0.0
2015_09_30_17_45_bci_t.csv,0.0
2015_09_30_17_50_bci_t.csv,0.0
2015_09_30_17_55_bci_t.csv,0.0
2015_09_30_18_15_bci_t.csv,0.0
2015_09_30_17_35_bci_t.csv,0.0
2015_09_30_17_40_bci_t.csv,0.0
2015_09_30_17_45_bci_t.csv,0.0
2015_09_30_17_50_bci_t.csv,0.0
2015_09_30_17_55_bci_t.csv,0.0
2015_09_30_18_45_bci_t.csv,0.0
2015_09_30_18_35_bci_t.csv,0.0
2015_09_30_18_40_bci_t.csv,0.0
2015_09_30_18_45_bci_t.csv,0.0
2015_09_30_18_50_bci_t.csv,0.0
2015_09_30_18_55_bci_t.csv,0.0
2015_09_30_19_15_bci_t.csv,0.0
2015_09_30_18_35_bci_t.csv,0.0
2015_09_30_18_40_bci_t.csv,0.0
2015_09_30_18_45_bci_t.csv,0.0
2015_09_30_18_50_bci_t.csv,0.0
2015_09_30_18_55_bci_t.csv,0.0
2015_09_30_19_45_bci_t.csv,0.0
2015_09_30_19_35_bci_t.csv,0.0
2015_09_30_19_40_bci_t.csv,0.0
2015_09_30_19_45_bci_t.csv,0.0
2015_09_30_19_50_bci_t.csv,0.0
2015_09_30_19_55_bci_t.csv,0.0
2015_09_30_20_15_bci_t.csv,0.0
2015_09_30_19_35_bci_t.csv,0.0
2015_09_30_19_40_bci_t.csv,0.0
2015_09_30_19_45_bci_t.csv,0.0
2015_09_30_19_50_bci_t.csv,0.0
2015_09_30_19_55_bci_t.csv,0.0
2015_09_30_20_45_bci_t.csv,0.0
2015_09_30_20_35_bci_t.csv,0.0
2015_09_30_20_40_bci_t.csv,0.0
2015_09_30_20_45_bci_t.csv,0.0
2015_09_30_20_50_bci_t.csv,0.0
2015_09_30_20_55_bci_t.csv,0.0
2015_09_30_21_15_bci_t.csv,0.0
2015_09_30_20_35_bci_t.csv,0.0
2015_09_30_20_40_bci_t.csv,0.0
2015_09_30_20_45_bci_t.csv,0.0
2015_09_30_20_50_bci_t.csv,0.0
2015_09_30_20_55_bci_t.csv,0.0
2015_09_30_21_45_bci_t.csv,0.0
2015_09_30_21_35_bci_t.csv,0.0
2015_09_30_21_40_bci_t.csv,0.0
2015_09_30_21_45_bci_t.csv,0.0
2015_09_30_21_50_bci_t.csv,0.0
2015_09_30_21_55_bci_t.csv,0.0
2015_09_30_22_15_bci_t.csv,0.0
2015_09_30_21_35_bci_t.csv,0.0
2015_09_30_21_40_bci_t.csv,0.0
2015_09_30_21_45_bci_t.csv,0.0
2015_09_30_21_50_bci_t.csv,0.0
2015_09_30_21_55_bci_t.csv,0.0
2015_09_30_22_45_bci_t.csv,0.0
2015_09_30_22_35_bci_t.csv,0.0
2015_09_30_22_40_bci_t.csv,0.0
2015_09_30_22_45_bci_t.csv,0.0
2015_09_30_22_50_bci_t.csv,0.0
2015_09_30_22_55_bci_t.csv,0.0
2015_09_30_23_15_bci_t.csv,0.0
